##TITLE= Parameter file, TopSpin 3.8.0
##JCAMPDX= 5.0
##DATATYPE= Parameter Values
##ORIGIN= Bruker BioSpin GmbH
<<<<<<< HEAD
##OWNER= mm2093
$$ 2026-06-24 11:15:23.483 +0100  mm2093@auchentoshan
$$ C:/Bruker/cam-ts3/wave/p_automation
$$ process C:\Bruker\TopSpin3.8.0\prog\mod\xwinshape.exe
##MINX= 3.25005100
##MAXX= 96.74997700
##MINY= 0.05914400
##MAXY= 359.96173000
##$SHAPE_ADDPHASE= 0
##$SHAPE_AMP= 96.74997692
=======
##OWNER= syh39
$$ 2026-07-15 12:13:34.688 +0100  syh39@glengrant
$$ C:/Bruker/cam-ts3/wave/p_automation
$$ process C:\Bruker\TopSpin3.8.0\prog\mod\xwinshape.exe
##MINX= 10.20017800
##MAXX= 89.79998200
##MINY= 0.03270900
##MAXY= 359.83326600
##$SHAPE_ADDPHASE= 0
##$SHAPE_AMP= 89.79998162
>>>>>>> f564735e578b4282136090eb0336cbbcaf840cb2
##$SHAPE_BWFAC= 0
##$SHAPE_BWFAC50= 0
##$SHAPE_CALCBW= yes
##$SHAPE_CALCINTEG= yes
##$SHAPE_EXMODE= <Excitation>
##$SHAPE_EXPAND= <>
##$SHAPE_EXPANDCF= (0..143)
0 0 0 0 0 0 0 0 0 0 0 0 0 0 0 0 0 0 0 0 0 0 0 0 0 0 0 0 0 0 0 0 0 0 0 0
0 0 0 0 0 0 0 0 0 0 0 0 0 0 0 0 0 0 0 0 0 0 0 0 0 0 0 0 0 0 0 0 0 0 0 0
0 0 0 0 0 0 0 0 0 0 0 0 0 0 0 0 0 0 0 0 0 0 0 0 0 0 0 0 0 0 0 0 0 0 0 0
0 0 0 0 0 0 0 0 0 0 0 0 0 0 0 0 0 0 0 0 0 0 0 0 0 0 0 0 0 0 0 0 0 0 0 0
##$SHAPE_EXPFAC= 0
##$SHAPE_FRACEND= 0
##$SHAPE_FRACORG= 0
##$SHAPE_FRACSTART= 0
##$SHAPE_INTEGFAC= 0
##$SHAPE_KEEPRES= yes
##$SHAPE_LENGTH= 100000
##$SHAPE_MAN= <M>
##$SHAPE_MODE= 2
##$SHAPE_MODFREQ= 0
##$SHAPE_MODPHASE= 0
##$SHAPE_MODSCALE= 0
##$SHAPE_MODSW= 0
##$SHAPE_MODSWDIR= -1
##$SHAPE_NPOINTS= 1000
##$SHAPE_OFFS= <2 2>
##$SHAPE_OFFSCOEFF= (0..95)
<<<<<<< HEAD
0 0 100 -161.2 0 93.5 0 0 0 0 0 0 0 0 0 0 0 0 0 0 0 0 0 0 0 0 0 0 0 0 0
=======
0 0 100 -879.9 0 79.6 0 0 0 0 0 0 0 0 0 0 0 0 0 0 0 0 0 0 0 0 0 0 0 0 0
>>>>>>> f564735e578b4282136090eb0336cbbcaf840cb2
0 0 0 0 0 0 0 0 0 0 0 0 0 0 0 0 0 0 0 0 0 0 0 0 0 0 0 0 0 0 0 0 0 0 0 0
0 0 0 0 0 0 0 0 0 0 0 0 0 0 0 0 0 0 0 0 0 0 0 0 0 0 0 0 0
##$SHAPE_PARAMETER= <>
##$SHAPE_REPHFAC= 0
##$SHAPE_RES= 0
<<<<<<< HEAD
##$SHAPE_SCALEFAC= 1.03359198
=======
##$SHAPE_SCALEFAC= 1.11358597
>>>>>>> f564735e578b4282136090eb0336cbbcaf840cb2
##$SHAPE_SCALETYPE= 0
##$SHAPE_SPOAL= 0
##$SHAPE_SPOFFS= 0
##$SHAPE_SPOPH= 0
##$SHAPE_TOTROT= 90
##$SHAPE_TYPE= <Excitation>
##$SHAPE_USER_DEF= 0
##$SHAPE_VERSION= 2.1
##$SHL_ADDPHASE= (0..15)
0 0 0 0 0 0 0 0 0 0 0 0 0 0 0 0
##$SHL_ALIGNOFFSET= (0..15)
0 0 0 0 0 0 0 0 0 0 0 0 0 0 0 0
##$SHL_AMP= (0..15)
100 0 0 0 0 0 0 0 0 0 0 0 0 0 0 0
##$SHL_AMPFAC= (0..15)
0 0 0 0 0 0 0 0 0 0 0 0 0 0 0 0
##$SHL_BETA= (0..15)
0 0 0 0 0 0 0 0 0 0 0 0 0 0 0 0
##$SHL_BWFAC= (0..15)
1.116 0 0 0 0 0 0 0 0 0 0 0 0 0 0 0
##$SHL_CALCBW= (0..15)
yes yes yes yes yes yes yes yes yes yes yes yes yes yes yes yes
##$SHL_CALCINTEG= (0..15)
yes yes yes yes yes yes yes yes yes yes yes yes yes yes yes yes
##$SHL_CENTERAMP= (0..15)
0 0 0 0 0 0 0 0 0 0 0 0 0 0 0 0
##$SHL_CYCNUM= (0..15)
0 0 0 0 0 0 0 0 0 0 0 0 0 0 0 0
##$SHL_DIPOLCPL= (0..15)
0 0 0 0 0 0 0 0 0 0 0 0 0 0 0 0
##$SHL_ENDAMP= (0..15)
0 0 0 0 0 0 0 0 0 0 0 0 0 0 0 0
##$SHL_EXMODE= (0..15)
<Excitation> <> <> <> <> <> <> <> <> <> <> <> <> <> <> <>
##$SHL_EXPAND= (0..15)
<> <> <> <> <> <> <> <> <> <> <> <> <> <> <> <>
##$SHL_EXPANDCF0= (0..143)
0 0 0 0 0 0 0 0 0 0 0 0 0 0 0 0 0 0 0 0 0 0 0 0 0 0 0 0 0 0 0 0 0 0 0 0
0 0 0 0 0 0 0 0 0 0 0 0 0 0 0 0 0 0 0 0 0 0 0 0 0 0 0 0 0 0 0 0 0 0 0 0
0 0 0 0 0 0 0 0 0 0 0 0 0 0 0 0 0 0 0 0 0 0 0 0 0 0 0 0 0 0 0 0 0 0 0 0
0 0 0 0 0 0 0 0 0 0 0 0 0 0 0 0 0 0 0 0 0 0 0 0 0 0 0 0 0 0 0 0 0 0 0 0
##$SHL_EXPANDCF1= (0..143)
0 0 0 0 0 0 0 0 0 0 0 0 0 0 0 0 0 0 0 0 0 0 0 0 0 0 0 0 0 0 0 0 0 0 0 0
0 0 0 0 0 0 0 0 0 0 0 0 0 0 0 0 0 0 0 0 0 0 0 0 0 0 0 0 0 0 0 0 0 0 0 0
0 0 0 0 0 0 0 0 0 0 0 0 0 0 0 0 0 0 0 0 0 0 0 0 0 0 0 0 0 0 0 0 0 0 0 0
0 0 0 0 0 0 0 0 0 0 0 0 0 0 0 0 0 0 0 0 0 0 0 0 0 0 0 0 0 0 0 0 0 0 0 0
##$SHL_EXPANDCF10= (0..143)
0 0 0 0 0 0 0 0 0 0 0 0 0 0 0 0 0 0 0 0 0 0 0 0 0 0 0 0 0 0 0 0 0 0 0 0
0 0 0 0 0 0 0 0 0 0 0 0 0 0 0 0 0 0 0 0 0 0 0 0 0 0 0 0 0 0 0 0 0 0 0 0
0 0 0 0 0 0 0 0 0 0 0 0 0 0 0 0 0 0 0 0 0 0 0 0 0 0 0 0 0 0 0 0 0 0 0 0
0 0 0 0 0 0 0 0 0 0 0 0 0 0 0 0 0 0 0 0 0 0 0 0 0 0 0 0 0 0 0 0 0 0 0 0
##$SHL_EXPANDCF11= (0..143)
0 0 0 0 0 0 0 0 0 0 0 0 0 0 0 0 0 0 0 0 0 0 0 0 0 0 0 0 0 0 0 0 0 0 0 0
0 0 0 0 0 0 0 0 0 0 0 0 0 0 0 0 0 0 0 0 0 0 0 0 0 0 0 0 0 0 0 0 0 0 0 0
0 0 0 0 0 0 0 0 0 0 0 0 0 0 0 0 0 0 0 0 0 0 0 0 0 0 0 0 0 0 0 0 0 0 0 0
0 0 0 0 0 0 0 0 0 0 0 0 0 0 0 0 0 0 0 0 0 0 0 0 0 0 0 0 0 0 0 0 0 0 0 0
##$SHL_EXPANDCF12= (0..143)
0 0 0 0 0 0 0 0 0 0 0 0 0 0 0 0 0 0 0 0 0 0 0 0 0 0 0 0 0 0 0 0 0 0 0 0
0 0 0 0 0 0 0 0 0 0 0 0 0 0 0 0 0 0 0 0 0 0 0 0 0 0 0 0 0 0 0 0 0 0 0 0
0 0 0 0 0 0 0 0 0 0 0 0 0 0 0 0 0 0 0 0 0 0 0 0 0 0 0 0 0 0 0 0 0 0 0 0
0 0 0 0 0 0 0 0 0 0 0 0 0 0 0 0 0 0 0 0 0 0 0 0 0 0 0 0 0 0 0 0 0 0 0 0
##$SHL_EXPANDCF13= (0..143)
0 0 0 0 0 0 0 0 0 0 0 0 0 0 0 0 0 0 0 0 0 0 0 0 0 0 0 0 0 0 0 0 0 0 0 0
0 0 0 0 0 0 0 0 0 0 0 0 0 0 0 0 0 0 0 0 0 0 0 0 0 0 0 0 0 0 0 0 0 0 0 0
0 0 0 0 0 0 0 0 0 0 0 0 0 0 0 0 0 0 0 0 0 0 0 0 0 0 0 0 0 0 0 0 0 0 0 0
0 0 0 0 0 0 0 0 0 0 0 0 0 0 0 0 0 0 0 0 0 0 0 0 0 0 0 0 0 0 0 0 0 0 0 0
##$SHL_EXPANDCF14= (0..143)
0 0 0 0 0 0 0 0 0 0 0 0 0 0 0 0 0 0 0 0 0 0 0 0 0 0 0 0 0 0 0 0 0 0 0 0
0 0 0 0 0 0 0 0 0 0 0 0 0 0 0 0 0 0 0 0 0 0 0 0 0 0 0 0 0 0 0 0 0 0 0 0
0 0 0 0 0 0 0 0 0 0 0 0 0 0 0 0 0 0 0 0 0 0 0 0 0 0 0 0 0 0 0 0 0 0 0 0
0 0 0 0 0 0 0 0 0 0 0 0 0 0 0 0 0 0 0 0 0 0 0 0 0 0 0 0 0 0 0 0 0 0 0 0
##$SHL_EXPANDCF15= (0..143)
0 0 0 0 0 0 0 0 0 0 0 0 0 0 0 0 0 0 0 0 0 0 0 0 0 0 0 0 0 0 0 0 0 0 0 0
0 0 0 0 0 0 0 0 0 0 0 0 0 0 0 0 0 0 0 0 0 0 0 0 0 0 0 0 0 0 0 0 0 0 0 0
0 0 0 0 0 0 0 0 0 0 0 0 0 0 0 0 0 0 0 0 0 0 0 0 0 0 0 0 0 0 0 0 0 0 0 0
0 0 0 0 0 0 0 0 0 0 0 0 0 0 0 0 0 0 0 0 0 0 0 0 0 0 0 0 0 0 0 0 0 0 0 0
##$SHL_EXPANDCF2= (0..143)
0 0 0 0 0 0 0 0 0 0 0 0 0 0 0 0 0 0 0 0 0 0 0 0 0 0 0 0 0 0 0 0 0 0 0 0
0 0 0 0 0 0 0 0 0 0 0 0 0 0 0 0 0 0 0 0 0 0 0 0 0 0 0 0 0 0 0 0 0 0 0 0
0 0 0 0 0 0 0 0 0 0 0 0 0 0 0 0 0 0 0 0 0 0 0 0 0 0 0 0 0 0 0 0 0 0 0 0
0 0 0 0 0 0 0 0 0 0 0 0 0 0 0 0 0 0 0 0 0 0 0 0 0 0 0 0 0 0 0 0 0 0 0 0
##$SHL_EXPANDCF3= (0..143)
0 0 0 0 0 0 0 0 0 0 0 0 0 0 0 0 0 0 0 0 0 0 0 0 0 0 0 0 0 0 0 0 0 0 0 0
0 0 0 0 0 0 0 0 0 0 0 0 0 0 0 0 0 0 0 0 0 0 0 0 0 0 0 0 0 0 0 0 0 0 0 0
0 0 0 0 0 0 0 0 0 0 0 0 0 0 0 0 0 0 0 0 0 0 0 0 0 0 0 0 0 0 0 0 0 0 0 0
0 0 0 0 0 0 0 0 0 0 0 0 0 0 0 0 0 0 0 0 0 0 0 0 0 0 0 0 0 0 0 0 0 0 0 0
##$SHL_EXPANDCF4= (0..143)
0 0 0 0 0 0 0 0 0 0 0 0 0 0 0 0 0 0 0 0 0 0 0 0 0 0 0 0 0 0 0 0 0 0 0 0
0 0 0 0 0 0 0 0 0 0 0 0 0 0 0 0 0 0 0 0 0 0 0 0 0 0 0 0 0 0 0 0 0 0 0 0
0 0 0 0 0 0 0 0 0 0 0 0 0 0 0 0 0 0 0 0 0 0 0 0 0 0 0 0 0 0 0 0 0 0 0 0
0 0 0 0 0 0 0 0 0 0 0 0 0 0 0 0 0 0 0 0 0 0 0 0 0 0 0 0 0 0 0 0 0 0 0 0
##$SHL_EXPANDCF5= (0..143)
0 0 0 0 0 0 0 0 0 0 0 0 0 0 0 0 0 0 0 0 0 0 0 0 0 0 0 0 0 0 0 0 0 0 0 0
0 0 0 0 0 0 0 0 0 0 0 0 0 0 0 0 0 0 0 0 0 0 0 0 0 0 0 0 0 0 0 0 0 0 0 0
0 0 0 0 0 0 0 0 0 0 0 0 0 0 0 0 0 0 0 0 0 0 0 0 0 0 0 0 0 0 0 0 0 0 0 0
0 0 0 0 0 0 0 0 0 0 0 0 0 0 0 0 0 0 0 0 0 0 0 0 0 0 0 0 0 0 0 0 0 0 0 0
##$SHL_EXPANDCF6= (0..143)
0 0 0 0 0 0 0 0 0 0 0 0 0 0 0 0 0 0 0 0 0 0 0 0 0 0 0 0 0 0 0 0 0 0 0 0
0 0 0 0 0 0 0 0 0 0 0 0 0 0 0 0 0 0 0 0 0 0 0 0 0 0 0 0 0 0 0 0 0 0 0 0
0 0 0 0 0 0 0 0 0 0 0 0 0 0 0 0 0 0 0 0 0 0 0 0 0 0 0 0 0 0 0 0 0 0 0 0
0 0 0 0 0 0 0 0 0 0 0 0 0 0 0 0 0 0 0 0 0 0 0 0 0 0 0 0 0 0 0 0 0 0 0 0
##$SHL_EXPANDCF7= (0..143)
0 0 0 0 0 0 0 0 0 0 0 0 0 0 0 0 0 0 0 0 0 0 0 0 0 0 0 0 0 0 0 0 0 0 0 0
0 0 0 0 0 0 0 0 0 0 0 0 0 0 0 0 0 0 0 0 0 0 0 0 0 0 0 0 0 0 0 0 0 0 0 0
0 0 0 0 0 0 0 0 0 0 0 0 0 0 0 0 0 0 0 0 0 0 0 0 0 0 0 0 0 0 0 0 0 0 0 0
0 0 0 0 0 0 0 0 0 0 0 0 0 0 0 0 0 0 0 0 0 0 0 0 0 0 0 0 0 0 0 0 0 0 0 0
##$SHL_EXPANDCF8= (0..143)
0 0 0 0 0 0 0 0 0 0 0 0 0 0 0 0 0 0 0 0 0 0 0 0 0 0 0 0 0 0 0 0 0 0 0 0
0 0 0 0 0 0 0 0 0 0 0 0 0 0 0 0 0 0 0 0 0 0 0 0 0 0 0 0 0 0 0 0 0 0 0 0
0 0 0 0 0 0 0 0 0 0 0 0 0 0 0 0 0 0 0 0 0 0 0 0 0 0 0 0 0 0 0 0 0 0 0 0
0 0 0 0 0 0 0 0 0 0 0 0 0 0 0 0 0 0 0 0 0 0 0 0 0 0 0 0 0 0 0 0 0 0 0 0
##$SHL_EXPANDCF9= (0..143)
0 0 0 0 0 0 0 0 0 0 0 0 0 0 0 0 0 0 0 0 0 0 0 0 0 0 0 0 0 0 0 0 0 0 0 0
0 0 0 0 0 0 0 0 0 0 0 0 0 0 0 0 0 0 0 0 0 0 0 0 0 0 0 0 0 0 0 0 0 0 0 0
0 0 0 0 0 0 0 0 0 0 0 0 0 0 0 0 0 0 0 0 0 0 0 0 0 0 0 0 0 0 0 0 0 0 0 0
0 0 0 0 0 0 0 0 0 0 0 0 0 0 0 0 0 0 0 0 0 0 0 0 0 0 0 0 0 0 0 0 0 0 0 0
##$SHL_EXPFAC= (0..15)
0 0 0 0 0 0 0 0 0 0 0 0 0 0 0 0
##$SHL_FRACEND= (0..15)
0 0 0 0 0 0 0 0 0 0 0 0 0 0 0 0
##$SHL_FRACORG= (0..15)
0 0 0 0 0 0 0 0 0 0 0 0 0 0 0 0
##$SHL_FRACSTART= (0..15)
0 0 0 0 0 0 0 0 0 0 0 0 0 0 0 0
##$SHL_FULLHALF= (0..15)
0 0 0 0 0 0 0 0 0 0 0 0 0 0 0 0
##$SHL_FUNCAMP= (0..15)
0 0 0 0 0 0 0 0 0 0 0 0 0 0 0 0
##$SHL_FUNCTION= (0..15)
<User> <> <> <> <> <> <> <> <> <> <> <> <> <> <> <>
##$SHL_GCO= (0..15)
<> <> <> <> <> <> <> <> <> <> <> <> <> <> <> <>
##$SHL_GCOCOEFFS0= (0..59)
0 0 0 0 0 0 0 0 0 0 0 0 0 0 0 0 0 0 0 0 0 0 0 0 0 0 0 0 0 0 0 0 0 0 0 0
0 0 0 0 0 0 0 0 0 0 0 0 0 0 0 0 0 0 0 0 0 0 0 0
##$SHL_GCOCOEFFS1= (0..59)
0 0 0 0 0 0 0 0 0 0 0 0 0 0 0 0 0 0 0 0 0 0 0 0 0 0 0 0 0 0 0 0 0 0 0 0
0 0 0 0 0 0 0 0 0 0 0 0 0 0 0 0 0 0 0 0 0 0 0 0
##$SHL_GCOCOEFFS10= (0..59)
0 0 0 0 0 0 0 0 0 0 0 0 0 0 0 0 0 0 0 0 0 0 0 0 0 0 0 0 0 0 0 0 0 0 0 0
0 0 0 0 0 0 0 0 0 0 0 0 0 0 0 0 0 0 0 0 0 0 0 0
##$SHL_GCOCOEFFS11= (0..59)
0 0 0 0 0 0 0 0 0 0 0 0 0 0 0 0 0 0 0 0 0 0 0 0 0 0 0 0 0 0 0 0 0 0 0 0
0 0 0 0 0 0 0 0 0 0 0 0 0 0 0 0 0 0 0 0 0 0 0 0
##$SHL_GCOCOEFFS12= (0..59)
0 0 0 0 0 0 0 0 0 0 0 0 0 0 0 0 0 0 0 0 0 0 0 0 0 0 0 0 0 0 0 0 0 0 0 0
0 0 0 0 0 0 0 0 0 0 0 0 0 0 0 0 0 0 0 0 0 0 0 0
##$SHL_GCOCOEFFS13= (0..59)
0 0 0 0 0 0 0 0 0 0 0 0 0 0 0 0 0 0 0 0 0 0 0 0 0 0 0 0 0 0 0 0 0 0 0 0
0 0 0 0 0 0 0 0 0 0 0 0 0 0 0 0 0 0 0 0 0 0 0 0
##$SHL_GCOCOEFFS14= (0..59)
0 0 0 0 0 0 0 0 0 0 0 0 0 0 0 0 0 0 0 0 0 0 0 0 0 0 0 0 0 0 0 0 0 0 0 0
0 0 0 0 0 0 0 0 0 0 0 0 0 0 0 0 0 0 0 0 0 0 0 0
##$SHL_GCOCOEFFS15= (0..59)
0 0 0 0 0 0 0 0 0 0 0 0 0 0 0 0 0 0 0 0 0 0 0 0 0 0 0 0 0 0 0 0 0 0 0 0
0 0 0 0 0 0 0 0 0 0 0 0 0 0 0 0 0 0 0 0 0 0 0 0
##$SHL_GCOCOEFFS2= (0..59)
0 0 0 0 0 0 0 0 0 0 0 0 0 0 0 0 0 0 0 0 0 0 0 0 0 0 0 0 0 0 0 0 0 0 0 0
0 0 0 0 0 0 0 0 0 0 0 0 0 0 0 0 0 0 0 0 0 0 0 0
##$SHL_GCOCOEFFS3= (0..59)
0 0 0 0 0 0 0 0 0 0 0 0 0 0 0 0 0 0 0 0 0 0 0 0 0 0 0 0 0 0 0 0 0 0 0 0
0 0 0 0 0 0 0 0 0 0 0 0 0 0 0 0 0 0 0 0 0 0 0 0
##$SHL_GCOCOEFFS4= (0..59)
0 0 0 0 0 0 0 0 0 0 0 0 0 0 0 0 0 0 0 0 0 0 0 0 0 0 0 0 0 0 0 0 0 0 0 0
0 0 0 0 0 0 0 0 0 0 0 0 0 0 0 0 0 0 0 0 0 0 0 0
##$SHL_GCOCOEFFS5= (0..59)
0 0 0 0 0 0 0 0 0 0 0 0 0 0 0 0 0 0 0 0 0 0 0 0 0 0 0 0 0 0 0 0 0 0 0 0
0 0 0 0 0 0 0 0 0 0 0 0 0 0 0 0 0 0 0 0 0 0 0 0
##$SHL_GCOCOEFFS6= (0..59)
0 0 0 0 0 0 0 0 0 0 0 0 0 0 0 0 0 0 0 0 0 0 0 0 0 0 0 0 0 0 0 0 0 0 0 0
0 0 0 0 0 0 0 0 0 0 0 0 0 0 0 0 0 0 0 0 0 0 0 0
##$SHL_GCOCOEFFS7= (0..59)
0 0 0 0 0 0 0 0 0 0 0 0 0 0 0 0 0 0 0 0 0 0 0 0 0 0 0 0 0 0 0 0 0 0 0 0
0 0 0 0 0 0 0 0 0 0 0 0 0 0 0 0 0 0 0 0 0 0 0 0
##$SHL_GCOCOEFFS8= (0..59)
0 0 0 0 0 0 0 0 0 0 0 0 0 0 0 0 0 0 0 0 0 0 0 0 0 0 0 0 0 0 0 0 0 0 0 0
0 0 0 0 0 0 0 0 0 0 0 0 0 0 0 0 0 0 0 0 0 0 0 0
##$SHL_GCOCOEFFS9= (0..59)
0 0 0 0 0 0 0 0 0 0 0 0 0 0 0 0 0 0 0 0 0 0 0 0 0 0 0 0 0 0 0 0 0 0 0 0
0 0 0 0 0 0 0 0 0 0 0 0 0 0 0 0 0 0 0 0 0 0 0 0
##$SHL_INTEGFAC= (0..15)
1 0 0 0 0 0 0 0 0 0 0 0 0 0 0 0
##$SHL_LB= (0..15)
0 0 0 0 0 0 0 0 0 0 0 0 0 0 0 0
##$SHL_LEFTLIMIT= (0..15)
0 0 0 0 0 0 0 0 0 0 0 0 0 0 0 0
##$SHL_LENGTH= (0..15)
100000 0 0 0 0 0 0 0 0 0 0 0 0 0 0 0
##$SHL_MAN= (0..15)
<> <> <> <> <> <> <> <> <> <> <> <> <> <> <> <>
##$SHL_MEANAMP= (0..15)
0 0 0 0 0 0 0 0 0 0 0 0 0 0 0 0
##$SHL_MODAMP= (0..15)
0 0 0 0 0 0 0 0 0 0 0 0 0 0 0 0
##$SHL_MODE= (0..15)
0 0 0 0 0 0 0 0 0 0 0 0 0 0 0 0
##$SHL_MODFREQ= (0..15)
0 0 0 0 0 0 0 0 0 0 0 0 0 0 0 0
##$SHL_MODPHASE= (0..15)
0 0 0 0 0 0 0 0 0 0 0 0 0 0 0 0
##$SHL_MODSCALE= (0..15)
0 0 0 0 0 0 0 0 0 0 0 0 0 0 0 0
##$SHL_MODSW= (0..15)
0 0 0 0 0 0 0 0 0 0 0 0 0 0 0 0
##$SHL_MODSWDIR= (0..15)
-1 -1 -1 -1 -1 -1 -1 -1 -1 -1 -1 -1 -1 -1 -1 -1
##$SHL_MU= (0..15)
0 0 0 0 0 0 0 0 0 0 0 0 0 0 0 0
##$SHL_NPOINTS= (0..15)
1000 0 0 0 0 0 0 0 0 0 0 0 0 0 0 0
##$SHL_OFFS= (0..15)
<> <> <> <> <> <> <> <> <> <> <> <> <> <> <> <>
##$SHL_OFFSCOEFF0= (0..95)
0 0 0 0 0 0 0 0 0 0 0 0 0 0 0 0 0 0 0 0 0 0 0 0 0 0 0 0 0 0 0 0 0 0 0 0
0 0 0 0 0 0 0 0 0 0 0 0 0 0 0 0 0 0 0 0 0 0 0 0 0 0 0 0 0 0 0 0 0 0 0 0
0 0 0 0 0 0 0 0 0 0 0 0 0 0 0 0 0 0 0 0 0 0 0 0
##$SHL_OFFSCOEFF1= (0..95)
0 0 0 0 0 0 0 0 0 0 0 0 0 0 0 0 0 0 0 0 0 0 0 0 0 0 0 0 0 0 0 0 0 0 0 0
0 0 0 0 0 0 0 0 0 0 0 0 0 0 0 0 0 0 0 0 0 0 0 0 0 0 0 0 0 0 0 0 0 0 0 0
0 0 0 0 0 0 0 0 0 0 0 0 0 0 0 0 0 0 0 0 0 0 0 0
##$SHL_OFFSCOEFF10= (0..95)
0 0 0 0 0 0 0 0 0 0 0 0 0 0 0 0 0 0 0 0 0 0 0 0 0 0 0 0 0 0 0 0 0 0 0 0
0 0 0 0 0 0 0 0 0 0 0 0 0 0 0 0 0 0 0 0 0 0 0 0 0 0 0 0 0 0 0 0 0 0 0 0
0 0 0 0 0 0 0 0 0 0 0 0 0 0 0 0 0 0 0 0 0 0 0 0
##$SHL_OFFSCOEFF11= (0..95)
0 0 0 0 0 0 0 0 0 0 0 0 0 0 0 0 0 0 0 0 0 0 0 0 0 0 0 0 0 0 0 0 0 0 0 0
0 0 0 0 0 0 0 0 0 0 0 0 0 0 0 0 0 0 0 0 0 0 0 0 0 0 0 0 0 0 0 0 0 0 0 0
0 0 0 0 0 0 0 0 0 0 0 0 0 0 0 0 0 0 0 0 0 0 0 0
##$SHL_OFFSCOEFF12= (0..95)
0 0 0 0 0 0 0 0 0 0 0 0 0 0 0 0 0 0 0 0 0 0 0 0 0 0 0 0 0 0 0 0 0 0 0 0
0 0 0 0 0 0 0 0 0 0 0 0 0 0 0 0 0 0 0 0 0 0 0 0 0 0 0 0 0 0 0 0 0 0 0 0
0 0 0 0 0 0 0 0 0 0 0 0 0 0 0 0 0 0 0 0 0 0 0 0
##$SHL_OFFSCOEFF13= (0..95)
0 0 0 0 0 0 0 0 0 0 0 0 0 0 0 0 0 0 0 0 0 0 0 0 0 0 0 0 0 0 0 0 0 0 0 0
0 0 0 0 0 0 0 0 0 0 0 0 0 0 0 0 0 0 0 0 0 0 0 0 0 0 0 0 0 0 0 0 0 0 0 0
0 0 0 0 0 0 0 0 0 0 0 0 0 0 0 0 0 0 0 0 0 0 0 0
##$SHL_OFFSCOEFF14= (0..95)
0 0 0 0 0 0 0 0 0 0 0 0 0 0 0 0 0 0 0 0 0 0 0 0 0 0 0 0 0 0 0 0 0 0 0 0
0 0 0 0 0 0 0 0 0 0 0 0 0 0 0 0 0 0 0 0 0 0 0 0 0 0 0 0 0 0 0 0 0 0 0 0
0 0 0 0 0 0 0 0 0 0 0 0 0 0 0 0 0 0 0 0 0 0 0 0
##$SHL_OFFSCOEFF15= (0..95)
0 0 0 0 0 0 0 0 0 0 0 0 0 0 0 0 0 0 0 0 0 0 0 0 0 0 0 0 0 0 0 0 0 0 0 0
0 0 0 0 0 0 0 0 0 0 0 0 0 0 0 0 0 0 0 0 0 0 0 0 0 0 0 0 0 0 0 0 0 0 0 0
0 0 0 0 0 0 0 0 0 0 0 0 0 0 0 0 0 0 0 0 0 0 0 0
##$SHL_OFFSCOEFF2= (0..95)
0 0 0 0 0 0 0 0 0 0 0 0 0 0 0 0 0 0 0 0 0 0 0 0 0 0 0 0 0 0 0 0 0 0 0 0
0 0 0 0 0 0 0 0 0 0 0 0 0 0 0 0 0 0 0 0 0 0 0 0 0 0 0 0 0 0 0 0 0 0 0 0
0 0 0 0 0 0 0 0 0 0 0 0 0 0 0 0 0 0 0 0 0 0 0 0
##$SHL_OFFSCOEFF3= (0..95)
0 0 0 0 0 0 0 0 0 0 0 0 0 0 0 0 0 0 0 0 0 0 0 0 0 0 0 0 0 0 0 0 0 0 0 0
0 0 0 0 0 0 0 0 0 0 0 0 0 0 0 0 0 0 0 0 0 0 0 0 0 0 0 0 0 0 0 0 0 0 0 0
0 0 0 0 0 0 0 0 0 0 0 0 0 0 0 0 0 0 0 0 0 0 0 0
##$SHL_OFFSCOEFF4= (0..95)
0 0 0 0 0 0 0 0 0 0 0 0 0 0 0 0 0 0 0 0 0 0 0 0 0 0 0 0 0 0 0 0 0 0 0 0
0 0 0 0 0 0 0 0 0 0 0 0 0 0 0 0 0 0 0 0 0 0 0 0 0 0 0 0 0 0 0 0 0 0 0 0
0 0 0 0 0 0 0 0 0 0 0 0 0 0 0 0 0 0 0 0 0 0 0 0
##$SHL_OFFSCOEFF5= (0..95)
0 0 0 0 0 0 0 0 0 0 0 0 0 0 0 0 0 0 0 0 0 0 0 0 0 0 0 0 0 0 0 0 0 0 0 0
0 0 0 0 0 0 0 0 0 0 0 0 0 0 0 0 0 0 0 0 0 0 0 0 0 0 0 0 0 0 0 0 0 0 0 0
0 0 0 0 0 0 0 0 0 0 0 0 0 0 0 0 0 0 0 0 0 0 0 0
##$SHL_OFFSCOEFF6= (0..95)
0 0 0 0 0 0 0 0 0 0 0 0 0 0 0 0 0 0 0 0 0 0 0 0 0 0 0 0 0 0 0 0 0 0 0 0
0 0 0 0 0 0 0 0 0 0 0 0 0 0 0 0 0 0 0 0 0 0 0 0 0 0 0 0 0 0 0 0 0 0 0 0
0 0 0 0 0 0 0 0 0 0 0 0 0 0 0 0 0 0 0 0 0 0 0 0
##$SHL_OFFSCOEFF7= (0..95)
0 0 0 0 0 0 0 0 0 0 0 0 0 0 0 0 0 0 0 0 0 0 0 0 0 0 0 0 0 0 0 0 0 0 0 0
0 0 0 0 0 0 0 0 0 0 0 0 0 0 0 0 0 0 0 0 0 0 0 0 0 0 0 0 0 0 0 0 0 0 0 0
0 0 0 0 0 0 0 0 0 0 0 0 0 0 0 0 0 0 0 0 0 0 0 0
##$SHL_OFFSCOEFF8= (0..95)
0 0 0 0 0 0 0 0 0 0 0 0 0 0 0 0 0 0 0 0 0 0 0 0 0 0 0 0 0 0 0 0 0 0 0 0
0 0 0 0 0 0 0 0 0 0 0 0 0 0 0 0 0 0 0 0 0 0 0 0 0 0 0 0 0 0 0 0 0 0 0 0
0 0 0 0 0 0 0 0 0 0 0 0 0 0 0 0 0 0 0 0 0 0 0 0
##$SHL_OFFSCOEFF9= (0..95)
0 0 0 0 0 0 0 0 0 0 0 0 0 0 0 0 0 0 0 0 0 0 0 0 0 0 0 0 0 0 0 0 0 0 0 0
0 0 0 0 0 0 0 0 0 0 0 0 0 0 0 0 0 0 0 0 0 0 0 0 0 0 0 0 0 0 0 0 0 0 0 0
0 0 0 0 0 0 0 0 0 0 0 0 0 0 0 0 0 0 0 0 0 0 0 0
##$SHL_PHASE= (0..15)
0 0 0 0 0 0 0 0 0 0 0 0 0 0 0 0
##$SHL_PHASEFAC= (0..15)
0 0 0 0 0 0 0 0 0 0 0 0 0 0 0 0
##$SHL_POWERINDEX= (0..15)
0 0 0 0 0 0 0 0 0 0 0 0 0 0 0 0
##$SHL_QUADCOEFF= (0..15)
0 0 0 0 0 0 0 0 0 0 0 0 0 0 0 0
##$SHL_RIGHTLIMIT= (0..15)
0 0 0 0 0 0 0 0 0 0 0 0 0 0 0 0
##$SHL_SCALEFACTOR= (0..15)
1 1 1 1 1 1 1 1 1 1 1 1 1 1 1 1
##$SHL_SF= (0..15)
<> <> <> <> <> <> <> <> <> <> <> <> <> <> <> <>
##$SHL_SFCOEFFS0= (0..200)
0 0 0 0 0 0 0 0 0 0 0 0 0 0 0 0 0 0 0 0 0 0 0 0 0 0 0 0 0 0 0 0 0 0 0 0
0 0 0 0 0 0 0 0 0 0 0 0 0 0 0 0 0 0 0 0 0 0 0 0 0 0 0 0 0 0 0 0 0 0 0 0
0 0 0 0 0 0 0 0 0 0 0 0 0 0 0 0 0 0 0 0 0 0 0 0 0 0 0 0 0 0 0 0 0 0 0 0
0 0 0 0 0 0 0 0 0 0 0 0 0 0 0 0 0 0 0 0 0 0 0 0 0 0 0 0 0 0 0 0 0 0 0 0
0 0 0 0 0 0 0 0 0 0 0 0 0 0 0 0 0 0 0 0 0 0 0 0 0 0 0 0 0 0 0 0 0 0 0 0
0 0 0 0 0 0 0 0 0 0 0 0 0 0 0 0 0 0 0 0 0
##$SHL_SFCOEFFS1= (0..200)
0 0 0 0 0 0 0 0 0 0 0 0 0 0 0 0 0 0 0 0 0 0 0 0 0 0 0 0 0 0 0 0 0 0 0 0
0 0 0 0 0 0 0 0 0 0 0 0 0 0 0 0 0 0 0 0 0 0 0 0 0 0 0 0 0 0 0 0 0 0 0 0
0 0 0 0 0 0 0 0 0 0 0 0 0 0 0 0 0 0 0 0 0 0 0 0 0 0 0 0 0 0 0 0 0 0 0 0
0 0 0 0 0 0 0 0 0 0 0 0 0 0 0 0 0 0 0 0 0 0 0 0 0 0 0 0 0 0 0 0 0 0 0 0
0 0 0 0 0 0 0 0 0 0 0 0 0 0 0 0 0 0 0 0 0 0 0 0 0 0 0 0 0 0 0 0 0 0 0 0
0 0 0 0 0 0 0 0 0 0 0 0 0 0 0 0 0 0 0 0 0
##$SHL_SFCOEFFS10= (0..200)
0 0 0 0 0 0 0 0 0 0 0 0 0 0 0 0 0 0 0 0 0 0 0 0 0 0 0 0 0 0 0 0 0 0 0 0
0 0 0 0 0 0 0 0 0 0 0 0 0 0 0 0 0 0 0 0 0 0 0 0 0 0 0 0 0 0 0 0 0 0 0 0
0 0 0 0 0 0 0 0 0 0 0 0 0 0 0 0 0 0 0 0 0 0 0 0 0 0 0 0 0 0 0 0 0 0 0 0
0 0 0 0 0 0 0 0 0 0 0 0 0 0 0 0 0 0 0 0 0 0 0 0 0 0 0 0 0 0 0 0 0 0 0 0
0 0 0 0 0 0 0 0 0 0 0 0 0 0 0 0 0 0 0 0 0 0 0 0 0 0 0 0 0 0 0 0 0 0 0 0
0 0 0 0 0 0 0 0 0 0 0 0 0 0 0 0 0 0 0 0 0
##$SHL_SFCOEFFS11= (0..200)
0 0 0 0 0 0 0 0 0 0 0 0 0 0 0 0 0 0 0 0 0 0 0 0 0 0 0 0 0 0 0 0 0 0 0 0
0 0 0 0 0 0 0 0 0 0 0 0 0 0 0 0 0 0 0 0 0 0 0 0 0 0 0 0 0 0 0 0 0 0 0 0
0 0 0 0 0 0 0 0 0 0 0 0 0 0 0 0 0 0 0 0 0 0 0 0 0 0 0 0 0 0 0 0 0 0 0 0
0 0 0 0 0 0 0 0 0 0 0 0 0 0 0 0 0 0 0 0 0 0 0 0 0 0 0 0 0 0 0 0 0 0 0 0
0 0 0 0 0 0 0 0 0 0 0 0 0 0 0 0 0 0 0 0 0 0 0 0 0 0 0 0 0 0 0 0 0 0 0 0
0 0 0 0 0 0 0 0 0 0 0 0 0 0 0 0 0 0 0 0 0
##$SHL_SFCOEFFS12= (0..200)
0 0 0 0 0 0 0 0 0 0 0 0 0 0 0 0 0 0 0 0 0 0 0 0 0 0 0 0 0 0 0 0 0 0 0 0
0 0 0 0 0 0 0 0 0 0 0 0 0 0 0 0 0 0 0 0 0 0 0 0 0 0 0 0 0 0 0 0 0 0 0 0
0 0 0 0 0 0 0 0 0 0 0 0 0 0 0 0 0 0 0 0 0 0 0 0 0 0 0 0 0 0 0 0 0 0 0 0
0 0 0 0 0 0 0 0 0 0 0 0 0 0 0 0 0 0 0 0 0 0 0 0 0 0 0 0 0 0 0 0 0 0 0 0
0 0 0 0 0 0 0 0 0 0 0 0 0 0 0 0 0 0 0 0 0 0 0 0 0 0 0 0 0 0 0 0 0 0 0 0
0 0 0 0 0 0 0 0 0 0 0 0 0 0 0 0 0 0 0 0 0
##$SHL_SFCOEFFS13= (0..200)
0 0 0 0 0 0 0 0 0 0 0 0 0 0 0 0 0 0 0 0 0 0 0 0 0 0 0 0 0 0 0 0 0 0 0 0
0 0 0 0 0 0 0 0 0 0 0 0 0 0 0 0 0 0 0 0 0 0 0 0 0 0 0 0 0 0 0 0 0 0 0 0
0 0 0 0 0 0 0 0 0 0 0 0 0 0 0 0 0 0 0 0 0 0 0 0 0 0 0 0 0 0 0 0 0 0 0 0
0 0 0 0 0 0 0 0 0 0 0 0 0 0 0 0 0 0 0 0 0 0 0 0 0 0 0 0 0 0 0 0 0 0 0 0
0 0 0 0 0 0 0 0 0 0 0 0 0 0 0 0 0 0 0 0 0 0 0 0 0 0 0 0 0 0 0 0 0 0 0 0
0 0 0 0 0 0 0 0 0 0 0 0 0 0 0 0 0 0 0 0 0
##$SHL_SFCOEFFS14= (0..200)
0 0 0 0 0 0 0 0 0 0 0 0 0 0 0 0 0 0 0 0 0 0 0 0 0 0 0 0 0 0 0 0 0 0 0 0
0 0 0 0 0 0 0 0 0 0 0 0 0 0 0 0 0 0 0 0 0 0 0 0 0 0 0 0 0 0 0 0 0 0 0 0
0 0 0 0 0 0 0 0 0 0 0 0 0 0 0 0 0 0 0 0 0 0 0 0 0 0 0 0 0 0 0 0 0 0 0 0
0 0 0 0 0 0 0 0 0 0 0 0 0 0 0 0 0 0 0 0 0 0 0 0 0 0 0 0 0 0 0 0 0 0 0 0
0 0 0 0 0 0 0 0 0 0 0 0 0 0 0 0 0 0 0 0 0 0 0 0 0 0 0 0 0 0 0 0 0 0 0 0
0 0 0 0 0 0 0 0 0 0 0 0 0 0 0 0 0 0 0 0 0
##$SHL_SFCOEFFS15= (0..200)
0 0 0 0 0 0 0 0 0 0 0 0 0 0 0 0 0 0 0 0 0 0 0 0 0 0 0 0 0 0 0 0 0 0 0 0
0 0 0 0 0 0 0 0 0 0 0 0 0 0 0 0 0 0 0 0 0 0 0 0 0 0 0 0 0 0 0 0 0 0 0 0
0 0 0 0 0 0 0 0 0 0 0 0 0 0 0 0 0 0 0 0 0 0 0 0 0 0 0 0 0 0 0 0 0 0 0 0
0 0 0 0 0 0 0 0 0 0 0 0 0 0 0 0 0 0 0 0 0 0 0 0 0 0 0 0 0 0 0 0 0 0 0 0
0 0 0 0 0 0 0 0 0 0 0 0 0 0 0 0 0 0 0 0 0 0 0 0 0 0 0 0 0 0 0 0 0 0 0 0
0 0 0 0 0 0 0 0 0 0 0 0 0 0 0 0 0 0 0 0 0
##$SHL_SFCOEFFS2= (0..200)
0 0 0 0 0 0 0 0 0 0 0 0 0 0 0 0 0 0 0 0 0 0 0 0 0 0 0 0 0 0 0 0 0 0 0 0
0 0 0 0 0 0 0 0 0 0 0 0 0 0 0 0 0 0 0 0 0 0 0 0 0 0 0 0 0 0 0 0 0 0 0 0
0 0 0 0 0 0 0 0 0 0 0 0 0 0 0 0 0 0 0 0 0 0 0 0 0 0 0 0 0 0 0 0 0 0 0 0
0 0 0 0 0 0 0 0 0 0 0 0 0 0 0 0 0 0 0 0 0 0 0 0 0 0 0 0 0 0 0 0 0 0 0 0
0 0 0 0 0 0 0 0 0 0 0 0 0 0 0 0 0 0 0 0 0 0 0 0 0 0 0 0 0 0 0 0 0 0 0 0
0 0 0 0 0 0 0 0 0 0 0 0 0 0 0 0 0 0 0 0 0
##$SHL_SFCOEFFS3= (0..200)
0 0 0 0 0 0 0 0 0 0 0 0 0 0 0 0 0 0 0 0 0 0 0 0 0 0 0 0 0 0 0 0 0 0 0 0
0 0 0 0 0 0 0 0 0 0 0 0 0 0 0 0 0 0 0 0 0 0 0 0 0 0 0 0 0 0 0 0 0 0 0 0
0 0 0 0 0 0 0 0 0 0 0 0 0 0 0 0 0 0 0 0 0 0 0 0 0 0 0 0 0 0 0 0 0 0 0 0
0 0 0 0 0 0 0 0 0 0 0 0 0 0 0 0 0 0 0 0 0 0 0 0 0 0 0 0 0 0 0 0 0 0 0 0
0 0 0 0 0 0 0 0 0 0 0 0 0 0 0 0 0 0 0 0 0 0 0 0 0 0 0 0 0 0 0 0 0 0 0 0
0 0 0 0 0 0 0 0 0 0 0 0 0 0 0 0 0 0 0 0 0
##$SHL_SFCOEFFS4= (0..200)
0 0 0 0 0 0 0 0 0 0 0 0 0 0 0 0 0 0 0 0 0 0 0 0 0 0 0 0 0 0 0 0 0 0 0 0
0 0 0 0 0 0 0 0 0 0 0 0 0 0 0 0 0 0 0 0 0 0 0 0 0 0 0 0 0 0 0 0 0 0 0 0
0 0 0 0 0 0 0 0 0 0 0 0 0 0 0 0 0 0 0 0 0 0 0 0 0 0 0 0 0 0 0 0 0 0 0 0
0 0 0 0 0 0 0 0 0 0 0 0 0 0 0 0 0 0 0 0 0 0 0 0 0 0 0 0 0 0 0 0 0 0 0 0
0 0 0 0 0 0 0 0 0 0 0 0 0 0 0 0 0 0 0 0 0 0 0 0 0 0 0 0 0 0 0 0 0 0 0 0
0 0 0 0 0 0 0 0 0 0 0 0 0 0 0 0 0 0 0 0 0
##$SHL_SFCOEFFS5= (0..200)
0 0 0 0 0 0 0 0 0 0 0 0 0 0 0 0 0 0 0 0 0 0 0 0 0 0 0 0 0 0 0 0 0 0 0 0
0 0 0 0 0 0 0 0 0 0 0 0 0 0 0 0 0 0 0 0 0 0 0 0 0 0 0 0 0 0 0 0 0 0 0 0
0 0 0 0 0 0 0 0 0 0 0 0 0 0 0 0 0 0 0 0 0 0 0 0 0 0 0 0 0 0 0 0 0 0 0 0
0 0 0 0 0 0 0 0 0 0 0 0 0 0 0 0 0 0 0 0 0 0 0 0 0 0 0 0 0 0 0 0 0 0 0 0
0 0 0 0 0 0 0 0 0 0 0 0 0 0 0 0 0 0 0 0 0 0 0 0 0 0 0 0 0 0 0 0 0 0 0 0
0 0 0 0 0 0 0 0 0 0 0 0 0 0 0 0 0 0 0 0 0
##$SHL_SFCOEFFS6= (0..200)
0 0 0 0 0 0 0 0 0 0 0 0 0 0 0 0 0 0 0 0 0 0 0 0 0 0 0 0 0 0 0 0 0 0 0 0
0 0 0 0 0 0 0 0 0 0 0 0 0 0 0 0 0 0 0 0 0 0 0 0 0 0 0 0 0 0 0 0 0 0 0 0
0 0 0 0 0 0 0 0 0 0 0 0 0 0 0 0 0 0 0 0 0 0 0 0 0 0 0 0 0 0 0 0 0 0 0 0
0 0 0 0 0 0 0 0 0 0 0 0 0 0 0 0 0 0 0 0 0 0 0 0 0 0 0 0 0 0 0 0 0 0 0 0
0 0 0 0 0 0 0 0 0 0 0 0 0 0 0 0 0 0 0 0 0 0 0 0 0 0 0 0 0 0 0 0 0 0 0 0
0 0 0 0 0 0 0 0 0 0 0 0 0 0 0 0 0 0 0 0 0
##$SHL_SFCOEFFS7= (0..200)
0 0 0 0 0 0 0 0 0 0 0 0 0 0 0 0 0 0 0 0 0 0 0 0 0 0 0 0 0 0 0 0 0 0 0 0
0 0 0 0 0 0 0 0 0 0 0 0 0 0 0 0 0 0 0 0 0 0 0 0 0 0 0 0 0 0 0 0 0 0 0 0
0 0 0 0 0 0 0 0 0 0 0 0 0 0 0 0 0 0 0 0 0 0 0 0 0 0 0 0 0 0 0 0 0 0 0 0
0 0 0 0 0 0 0 0 0 0 0 0 0 0 0 0 0 0 0 0 0 0 0 0 0 0 0 0 0 0 0 0 0 0 0 0
0 0 0 0 0 0 0 0 0 0 0 0 0 0 0 0 0 0 0 0 0 0 0 0 0 0 0 0 0 0 0 0 0 0 0 0
0 0 0 0 0 0 0 0 0 0 0 0 0 0 0 0 0 0 0 0 0
##$SHL_SFCOEFFS8= (0..200)
0 0 0 0 0 0 0 0 0 0 0 0 0 0 0 0 0 0 0 0 0 0 0 0 0 0 0 0 0 0 0 0 0 0 0 0
0 0 0 0 0 0 0 0 0 0 0 0 0 0 0 0 0 0 0 0 0 0 0 0 0 0 0 0 0 0 0 0 0 0 0 0
0 0 0 0 0 0 0 0 0 0 0 0 0 0 0 0 0 0 0 0 0 0 0 0 0 0 0 0 0 0 0 0 0 0 0 0
0 0 0 0 0 0 0 0 0 0 0 0 0 0 0 0 0 0 0 0 0 0 0 0 0 0 0 0 0 0 0 0 0 0 0 0
0 0 0 0 0 0 0 0 0 0 0 0 0 0 0 0 0 0 0 0 0 0 0 0 0 0 0 0 0 0 0 0 0 0 0 0
0 0 0 0 0 0 0 0 0 0 0 0 0 0 0 0 0 0 0 0 0
##$SHL_SFCOEFFS9= (0..200)
0 0 0 0 0 0 0 0 0 0 0 0 0 0 0 0 0 0 0 0 0 0 0 0 0 0 0 0 0 0 0 0 0 0 0 0
0 0 0 0 0 0 0 0 0 0 0 0 0 0 0 0 0 0 0 0 0 0 0 0 0 0 0 0 0 0 0 0 0 0 0 0
0 0 0 0 0 0 0 0 0 0 0 0 0 0 0 0 0 0 0 0 0 0 0 0 0 0 0 0 0 0 0 0 0 0 0 0
0 0 0 0 0 0 0 0 0 0 0 0 0 0 0 0 0 0 0 0 0 0 0 0 0 0 0 0 0 0 0 0 0 0 0 0
0 0 0 0 0 0 0 0 0 0 0 0 0 0 0 0 0 0 0 0 0 0 0 0 0 0 0 0 0 0 0 0 0 0 0 0
0 0 0 0 0 0 0 0 0 0 0 0 0 0 0 0 0 0 0 0 0
##$SHL_SMOOTHED= (0..15)
0 0 0 0 0 0 0 0 0 0 0 0 0 0 0 0
##$SHL_SMOOTHING= (0..15)
0 0 0 0 0 0 0 0 0 0 0 0 0 0 0 0
##$SHL_SPOAL= (0..15)
0 0 0 0 0 0 0 0 0 0 0 0 0 0 0 0
##$SHL_SPOFFS= (0..15)
0 0 0 0 0 0 0 0 0 0 0 0 0 0 0 0
##$SHL_SPOPH= (0..15)
0 0 0 0 0 0 0 0 0 0 0 0 0 0 0 0
##$SHL_STARTAMP= (0..15)
0 0 0 0 0 0 0 0 0 0 0 0 0 0 0 0
##$SHL_SW= (0..15)
0 0 0 0 0 0 0 0 0 0 0 0 0 0 0 0
##$SHL_SWDIR= (0..15)
-1 -1 -1 -1 -1 -1 -1 -1 -1 -1 -1 -1 -1 -1 -1 -1
##$SHL_TANKAPPA= (0..15)
0 0 0 0 0 0 0 0 0 0 0 0 0 0 0 0
##$SHL_TOTROT= (0..15)
90 0 0 0 0 0 0 0 0 0 0 0 0 0 0 0
##$SHL_TRUNCLEV= (0..15)
0 0 0 0 0 0 0 0 0 0 0 0 0 0 0 0
##$SHL_TYPE= (0..15)
<Excitation> <> <> <> <> <> <> <> <> <> <> <> <> <> <> <>
##$SHL_WINDOWSIZE= (0..15)
0 0 0 0 0 0 0 0 0 0 0 0 0 0 0 0
##$SHL_ZETA= (0..15)
0 0 0 0 0 0 0 0 0 0 0 0 0 0 0 0
##NPOINTS= 1000
##XYPOINTS= (XY..XY)
<<<<<<< HEAD
90.835683, 340.556966
92.404406, 343.349914
93.736515, 346.146225
94.828581, 348.945227
95.677794, 351.746311
96.281967, 354.548912
96.639547, 357.352498
96.749614, 0.156558
96.611883, 2.960590
96.226711, 5.764092
95.595087, 8.566551
94.718637, 11.367431
93.599616, 14.166164
92.240905, 16.962133
90.646001, 19.754661
88.819011, 22.542987
86.764642, 25.326245
84.488187, 28.103437
81.995516, 30.873393
79.293059, 33.634724
76.387796, 36.385758
73.287236, 39.124453
69.999405, 41.848281
66.532829, 44.554061
62.896519, 47.237727
59.099959, 49.893984
55.153094, 52.515795
51.066330, 55.093589
46.850545, 57.614001
42.517116, 60.057762
38.078006, 62.396042
33.545918, 64.583666
28.934662, 66.545656
24.259963, 68.147940
19.541515, 69.125476
14.809056, 68.874106
10.125414, 65.682231
5.719742, 52.631561
3.255453, 356.793065
6.033100, 305.557401
10.481029, 293.879636
15.172544, 291.036742
19.905453, 290.917299
24.621396, 291.957764
29.291843, 293.594738
33.897535, 295.577815
38.422944, 297.779189
42.854365, 300.126920
47.179161, 302.577448
51.385419, 305.102865
55.461801, 307.684461
59.397468, 310.309223
63.182049, 312.967812
66.805633, 315.653349
70.258773, 318.360649
73.532495, 321.085724
76.618310, 323.825450
79.508233, 326.577343
82.194793, 329.339393
84.671053, 332.109952
86.930626, 334.887650
88.967685, 337.671332
90.776982, 340.460010
92.353855, 343.252828
93.694245, 346.049034
94.794701, 348.847953
95.652390, 351.648974
96.265106, 354.451531
96.631271, 357.255092
96.749945, 0.059144
96.620821, 2.863186
96.244231, 5.666715
95.621145, 8.469218
94.753166, 11.270162
93.642527, 14.068980
92.292088, 16.865056
90.705324, 19.657716
88.886321, 22.446201
86.839765, 25.229652
84.570930, 28.007073
82.085666, 30.777302
79.390383, 33.538959
76.492043, 36.290383
73.398136, 39.029545
70.116670, 41.753938
66.656155, 44.460408
63.025586, 47.144923
59.234428, 49.802238
55.292613, 52.425388
51.210530, 55.004909
46.999038, 57.527595
42.669500, 59.974433
38.233853, 62.317013
33.704771, 64.510899
29.096017, 66.482504
24.423224, 68.100633
19.705887, 69.106984
14.973185, 68.916246
10.285863, 65.885759
5.860350, 53.476376
3.250051, 359.689296
5.890680, 306.348481
10.320278, 294.071859
15.008361, 291.075131
19.741107, 290.897157
24.458201, 291.909597
29.130583, 293.531083
33.738799, 295.504729
38.267234, 297.699945
42.702137, 300.043440
47.030840, 302.490932
51.241409, 305.014102
55.322488, 307.593991
59.263220, 310.217427
63.053218, 312.874968
66.682556, 315.559664
70.141770, 318.266281
73.421870, 320.990794
76.514351, 323.730057
79.411207, 326.481563
82.104951, 329.243290
84.588627, 332.013578
86.855828, 334.791048
88.900709, 337.574539
90.717999, 340.363059
92.303018, 343.155746
93.651685, 345.951846
94.760527, 348.750681
95.626691, 351.551639
96.247947, 354.354152
96.622697, 357.157687
96.749977, 359.961730
96.629459, 2.765781
96.261454, 5.569336
95.646908, 8.371884
94.787402, 11.172891
93.685149, 13.971793
92.342985, 16.767975
90.764366, 19.560766
88.953356, 22.349410
86.914621, 25.133051
84.653413, 27.910700
82.175562, 30.681201
79.487462, 33.443182
76.596053, 36.194992
73.508809, 38.934620
70.233719, 41.659575
66.779276, 44.366728
63.154458, 47.052086
59.368716, 49.710451
55.431963, 52.334929
51.354573, 54.916161
47.147390, 57.441099
42.821756, 59.890979
38.389587, 62.237807
33.863529, 64.437868
29.257294, 66.418937
24.586431, 68.052617
19.870238, 69.087130
15.137358, 68.955286
10.446562, 66.079933
6.002462, 54.276648
3.253547, 2.587283
5.749740, 307.183518
10.159774, 294.273347
14.844223, 291.116598
19.576739, 290.878370
24.294952, 291.862137
28.969244, 293.467841
33.579966, 295.431905
38.111411, 297.620878
42.549781, 299.960084
46.882377, 302.404507
51.097243, 304.925408
55.183005, 307.503574
59.128789, 310.125672
62.924193, 312.782157
66.559274, 315.466005
70.024552, 318.171934
73.311019, 320.895883
76.410155, 323.634678
79.313935, 326.385796
82.014855, 329.147197
84.505940, 331.917212
86.780762, 334.694453
88.833458, 337.477753
90.658737, 340.266112
92.251897, 343.058669
93.608836, 345.854661
94.726061, 348.653412
95.600696, 351.454306
96.230490, 354.256774
96.613824, 357.060282
96.749710, 359.864316
96.637799, 2.668375
96.278379, 5.471956
95.672375, 8.274547
94.821346, 11.075618
93.727481, 13.874602
92.393598, 16.670890
90.823128, 19.463811
89.020116, 22.252613
86.989207, 25.036443
84.735633, 27.814319
82.265205, 30.585090
79.584296, 33.347392
76.699827, 36.099587
73.619255, 38.839677
70.350552, 41.565189
66.902192, 44.273023
63.283137, 46.959216
59.502821, 49.618623
55.571143, 52.244419
51.498460, 54.827346
47.295598, 57.354513
42.973883, 59.807403
38.545208, 62.158426
34.022189, 64.364579
29.418493, 66.354962
24.749582, 68.003904
20.034566, 69.065948
15.301573, 68.991324
10.607497, 66.265162
6.145971, 55.035041
3.265913, 5.470692
5.610393, 308.065313
9.999531, 294.484532
14.680132, 291.161246
19.412352, 290.860972
24.131648, 291.815399
28.807829, 293.405020
33.421037, 295.359347
37.955475, 297.541989
42.397297, 299.876853
46.733771, 302.318173
50.952922, 304.836781
55.043353, 307.413208
58.994177, 310.033959
62.794974, 312.689378
66.435786, 315.372373
69.907117, 318.077608
73.199942, 320.800989
76.305723, 323.539314
79.216419, 326.290040
81.924506, 329.051114
84.422991, 331.820854
86.705428, 334.597865
88.765932, 337.380972
90.599194, 340.169171
92.200490, 342.961595
93.565697, 345.757480
94.691301, 348.556146
95.574405, 351.356975
96.212736, 354.159398
96.604652, 356.962878
96.749144, 359.766902
96.645840, 2.570968
96.295007, 5.374574
95.697546, 8.177209
94.854996, 10.978342
93.769524, 13.777409
92.443924, 16.573801
90.881609, 19.366851
89.086602, 22.155809
87.063525, 24.939828
84.817592, 27.717929
82.354594, 30.488968
79.680884, 33.251590
76.803365, 36.004168
73.729474, 38.744716
70.467167, 41.470783
67.024901, 44.179291
63.411620, 46.866314
59.636743, 49.526755
55.710152, 52.153857
51.642189, 54.738464
47.443663, 57.267838
43.125881, 59.723705
38.700715, 62.078874
34.180752, 64.291034
29.579613, 66.290585
24.912677, 67.954509
20.198870, 69.043470
15.465826, 69.024457
10.768656, 66.441835
6.290780, 55.754053
3.287047, 8.323661
5.472762, 308.996843
9.839563, 294.705869
14.516092, 291.209182
19.247947, 290.844999
23.968292, 291.769398
28.646337, 293.342628
33.262013, 295.287058
37.799428, 297.463281
42.244685, 299.793750
46.585024, 302.231932
50.808444, 304.748225
54.903533, 307.322896
58.859384, 309.942287
62.665563, 312.596633
66.312094, 315.278768
69.789467, 317.983305
73.088639, 320.706113
76.201055, 323.443965
79.118658, 326.194297
81.833904, 328.955042
84.339782, 331.724506
86.629826, 334.501285
88.698133, 337.284198
90.539371, 340.072235
92.148798, 342.864525
93.522269, 345.660302
94.656249, 348.458882
95.547819, 351.259646
96.194685, 354.062022
96.595181, 356.865475
96.748278, 359.669489
96.653582, 2.473561
96.311336, 5.277192
95.722421, 8.079869
94.888353, 10.881063
93.811277, 13.680212
92.493965, 16.476708
90.939810, 19.269886
89.152812, 22.059000
87.137574, 24.843206
84.899289, 27.621530
82.443728, 30.392836
79.777225, 33.155776
76.906665, 35.908734
73.839466, 38.649738
70.583565, 41.376355
67.147404, 44.085534
63.539909, 46.773381
59.770483, 49.434847
55.848991, 52.063243
51.785761, 54.649515
47.591584, 57.181075
43.277749, 59.639887
38.856107, 61.999151
34.339216, 64.217238
29.740653, 66.225814
25.075714, 67.904445
20.363149, 69.019729
15.630114, 69.054774
10.930026, 66.610321
6.436799, 56.436023
3.316783, 11.131288
5.336982, 309.981264
9.679885, 294.937844
14.352107, 291.260517
19.083525, 290.830487
23.804883, 291.724149
28.484770, 293.280671
33.102894, 295.215044
37.643269, 297.384756
42.091947, 299.710774
46.436136, 302.145784
50.663812, 304.659737
54.763545, 307.232638
58.724411, 309.850656
62.535959, 312.503921
66.188198, 315.185189
69.671602, 317.889023
72.977111, 320.611256
76.096153, 323.348631
79.020652, 326.098567
81.743049, 328.858980
84.256312, 331.628166
86.553956, 334.404712
88.630059, 337.187430
90.479268, 339.975304
92.096821, 342.767460
93.478552, 345.563128
94.620905, 348.361621
95.520938, 351.162318
96.176336, 353.964648
96.585412, 356.768072
96.747114, 359.572075
96.661026, 2.376154
96.327368, 5.179808
95.747001, 7.982528
94.921416, 10.783782
93.852739, 13.583012
92.543720, 16.379611
90.997729, 19.172916
89.218746, 21.962185
87.211353, 24.746577
84.980724, 27.525123
82.532608, 30.296694
79.873321, 33.059951
77.009728, 35.813285
73.949230, 38.554742
70.699746, 41.281907
67.269700, 43.991750
63.668002, 46.680416
59.904039, 49.342899
55.987659, 51.972580
51.929174, 54.560502
47.739360, 57.094226
43.429487, 59.555951
39.011385, 61.919261
34.497582, 64.143194
29.901613, 66.160655
25.238694, 67.853727
20.527401, 68.994755
15.794434, 69.082363
11.091597, 66.770967
6.583946, 57.083135
3.354890, 13.880051
5.203200, 311.021915
9.520515, 295.180972
14.188182, 291.315368
18.919088, 290.817476
23.641424, 291.679668
28.323127, 293.219157
32.943682, 295.143308
37.487000, 297.306417
41.939083, 299.627929
46.287107, 302.059730
50.519026, 304.571321
54.623389, 307.142433
58.589257, 309.759069
62.406162, 312.411242
66.064099, 315.091638
69.553522, 317.794764
72.865358, 320.516416
75.991016, 323.253313
78.922403, 326.002849
81.651941, 328.762929
84.172581, 331.531835
86.477819, 334.308147
88.561711, 337.090668
90.418886, 339.878379
92.044560, 342.670399
93.434546, 345.465956
94.585267, 348.264362
95.493761, 351.064993
96.157690, 353.867275
96.575344, 356.670670
96.745650, 359.474661
96.668170, 2.278746
96.343103, 5.082424
95.771284, 7.885184
94.954187, 10.686499
93.893912, 13.485808
92.593189, 16.282510
91.055367, 19.075941
89.284405, 21.865364
87.284864, 24.649940
85.061896, 27.428708
82.621233, 30.200542
79.969170, 32.964113
77.112553, 35.717823
74.058766, 38.459730
70.815709, 41.187437
67.391789, 43.897942
63.795899, 46.587419
60.037410, 49.250912
56.126156, 51.881866
52.072430, 54.471423
47.886992, 57.007290
43.581095, 59.471897
39.166547, 61.839204
34.655849, 64.068905
30.062491, 66.095115
25.401614, 67.802365
20.691625, 68.968577
15.958782, 69.107308
11.253358, 66.924100
6.732146, 57.697434
3.401088, 16.558124
5.071575, 312.122308
9.361471, 295.435797
14.024320, 291.373858
18.754637, 290.806003
23.477914, 291.635971
28.161411, 293.158095
32.784376, 295.071855
37.330620, 297.228266
41.786093, 299.545215
46.137938, 301.973771
50.374085, 304.482976
54.483066, 307.052284
58.453923, 309.667523
62.276174, 312.318598
65.939795, 314.998113
69.435228, 317.700527
72.753380, 320.421595
75.885644, 323.158009
78.823910, 325.907144
81.560582, 328.666888
84.088591, 331.435513
86.401415, 334.211589
88.493089, 336.993912
90.358224, 339.781458
91.992014, 342.573342
93.390252, 345.368789
94.549338, 348.167106
95.466289, 350.967670
96.138746, 353.769904
96.564978, 356.573268
96.743888, 359.377247
96.675016, 2.181338
96.358539, 4.985038
95.795272, 7.787839
94.986663, 10.589213
93.934794, 13.388602
92.642372, 16.185405
91.112724, 18.978961
89.349787, 21.768537
87.358104, 24.553297
85.142806, 27.332284
82.709603, 30.104381
80.064772, 32.868263
77.215141, 35.622346
74.168073, 38.364700
70.931453, 41.092947
67.513670, 43.804108
63.923600, 46.494391
60.170598, 49.158886
56.264480, 51.791103
52.215526, 54.382280
48.034478, 56.920269
43.732571, 59.387727
39.321592, 61.758984
34.814016, 63.994375
30.223288, 66.029199
25.564474, 67.750374
20.855820, 68.941224
16.123156, 69.129690
11.415298, 67.070033
6.881328, 58.280828
3.455051, 19.155578
4.942282, 313.286127
9.202770, 295.702902
13.860525, 291.436113
18.590175, 290.796111
23.314356, 291.593075
27.999621, 293.097491
32.624977, 295.000688
37.174131, 297.150306
41.632978, 299.462634
45.988629, 301.887909
50.228991, 304.394702
54.342576, 306.962189
58.318410, 309.576021
62.145994, 312.225987
65.815289, 314.904617
69.316719, 317.606312
72.641177, 320.326792
75.780038, 323.062720
78.725174, 325.811452
81.468971, 328.570858
84.004341, 331.339200
86.324744, 334.115038
88.424194, 336.897162
90.297283, 339.684543
91.939183, 342.476290
93.345668, 345.271625
94.513116, 348.069853
95.438522, 350.870349
96.119505, 353.672534
96.554313, 356.475868
96.741826, 359.279834
96.681563, 2.083929
96.373678, 4.887651
95.818963, 7.690492
95.018846, 10.491925
93.975386, 13.291393
92.691269, 16.088296
91.169799, 18.881977
89.414894, 21.671704
87.431075, 24.456647
85.223452, 27.235852
82.797717, 30.008209
80.160127, 32.772402
77.317490, 35.526855
74.277152, 38.269654
71.046979, 40.998437
67.635343, 43.710249
64.051104, 46.401332
60.303600, 49.066821
56.402632, 51.700291
52.358462, 54.293073
48.181818, 56.833164
43.883915, 59.303442
39.476521, 61.678603
34.972082, 63.919608
30.384003, 65.962914
25.727274, 67.697765
21.019983, 68.912723
16.287554, 69.149585
11.577410, 67.209059
7.031429, 58.835099
3.516421, 21.664471
4.815509, 314.517204
9.044434, 295.982902
13.696802, 291.502266
18.425703, 290.787842
23.150749, 291.550998
27.837758, 293.037355
32.465486, 294.929812
37.017532, 297.072538
41.479738, 299.380188
45.839181, 301.802144
50.083744, 304.306501
54.201920, 306.872149
58.182718, 309.484562
62.015623, 312.133411
65.690580, 314.811148
69.197997, 317.512120
72.528750, 320.232008
75.674198, 322.967448
78.626195, 325.715772
81.377108, 328.474839
83.919832, 331.242896
86.247806, 334.018495
88.355026, 336.800419
90.236063, 339.587633
91.886069, 342.379242
93.300796, 345.174464
94.476602, 347.972603
95.410460, 350.773029
96.099968, 353.575165
96.543349, 356.378468
96.739465, 359.182421
96.687811, 1.986519
96.388518, 4.790263
95.842358, 7.593143
95.050736, 10.394634
94.015688, 13.194180
92.739878, 15.991183
91.226592, 18.784988
89.479724, 21.574865
87.503775, 24.359990
85.303835, 27.139412
82.885575, 29.912027
80.255234, 32.676528
77.419600, 35.431350
74.386001, 38.174590
71.162286, 40.903906
67.756808, 43.616365
64.178412, 46.308243
60.436417, 48.974717
56.540611, 51.609430
52.501239, 54.203803
48.329012, 56.745976
44.035128, 59.219044
39.631333, 61.598062
35.130047, 63.844606
30.544634, 65.896266
25.890011, 67.644550
21.184115, 68.883102
16.451972, 69.167067
11.739682, 67.341459
7.182388, 59.361910
3.584817, 24.078834
4.691464, 315.819500
8.886483, 296.276457
13.533156, 291.572459
18.261223, 290.781240
22.987096, 291.509757
27.675824, 292.977694
32.305903, 294.859232
36.860825, 296.994967
41.326375, 299.297877
45.689594, 301.716478
49.938344, 304.218374
54.061097, 306.782166
58.046847, 309.393147
61.885061, 312.040870
65.565669, 314.717707
69.079062, 317.417951
72.416100, 320.137243
75.568125, 322.872190
78.526973, 325.620106
81.284993, 328.378830
83.835063, 331.146601
86.170601, 333.921960
88.285585, 336.703682
90.174564, 339.490728
91.832671, 342.282198
93.255636, 345.077307
94.439796, 347.875355
95.382103, 350.675712
96.080133, 353.477798
96.532088, 356.281069
96.736806, 359.085008
96.693760, 1.889109
96.403061, 4.692874
95.865457, 7.495793
95.082331, 10.297341
94.055699, 13.096964
92.788202, 15.894066
91.283103, 18.687994
89.544278, 21.478021
87.576205, 24.263326
85.383955, 27.042964
82.973178, 29.815836
80.350093, 32.580643
77.521471, 35.335831
74.494621, 38.079510
71.277373, 40.809355
67.878064, 43.522457
64.305521, 46.215123
60.569049, 48.882576
56.678417, 51.518520
52.643855, 54.114471
48.476058, 56.658704
44.186207, 59.134533
39.786027, 61.517363
35.287910, 63.769374
30.705182, 65.829260
26.052687, 67.590740
21.348213, 68.852387
16.616407, 69.182209
11.902108, 67.467497
7.334151, 59.862815
3.659844, 26.394573
4.570369, 317.197070
8.728941, 296.584265
13.369592, 291.646836
18.096737, 290.776350
22.823396, 291.469370
27.513818, 292.918518
32.146229, 294.788952
36.704010, 296.917594
41.172887, 299.215705
45.539869, 301.630911
49.792792, 304.130321
53.920110, 306.692239
57.910798, 309.301775
61.754309, 311.948363
65.440556, 314.624294
68.959914, 317.323804
72.303227, 320.042496
75.461818, 322.776948
78.427508, 325.524452
81.192628, 328.282833
83.750036, 331.050316
86.093131, 333.825432
88.215871, 336.606952
90.112786, 339.393828
91.778988, 342.185159
93.210187, 344.980153
94.402698, 347.778110
95.353452, 350.578397
96.060001, 353.380432
96.520527, 356.183671
96.733847, 358.987595
96.699410, 1.791699
96.417305, 4.595484
95.888259, 7.398441
95.113633, 10.200046
94.095419, 12.999746
92.836238, 15.796946
91.339332, 18.590995
89.608555, 21.381171
87.648364, 24.166655
85.463810, 26.946507
83.060524, 29.719635
80.444705, 32.484747
77.623104, 35.240298
74.603011, 37.984413
71.392241, 40.714783
67.999111, 43.428524
64.432433, 46.121972
60.701494, 48.790397
56.816049, 51.427563
52.786311, 54.025077
48.622958, 56.571351
44.337154, 59.049912
39.940603, 61.436509
35.445671, 63.693914
30.865645, 65.761904
26.215299, 67.536347
21.512277, 68.820602
16.780858, 69.195079
12.064678, 67.587424
7.486668, 60.339265
3.741103, 28.609305
4.452468, 318.654014
8.571833, 296.907072
13.206115, 291.725552
17.932246, 290.773220
22.659652, 291.429856
27.351741, 292.859835
31.986466, 294.718977
36.547088, 296.840422
41.019277, 299.133672
45.390006, 301.545444
49.647088, 304.042342
53.778958, 306.602370
57.774572, 309.210449
61.623367, 311.855892
65.315242, 314.530909
68.840554, 317.229681
72.190130, 319.947769
75.355279, 322.681722
78.327802, 325.428812
81.100012, 328.186846
83.664749, 330.954039
86.015394, 333.728912
88.145885, 336.510228
90.050730, 339.296934
91.725022, 342.088123
93.164451, 344.883003
94.365308, 347.680868
95.324505, 350.481084
96.039572, 353.283068
96.508669, 356.086273
96.730589, 358.890182
96.704761, 1.694289
96.431252, 4.498093
95.910765, 7.301087
95.144640, 10.102748
94.134848, 12.902524
92.883988, 15.699821
91.395279, 18.493992
89.672555, 21.284316
87.720253, 24.069977
85.543402, 26.850043
83.147614, 29.623424
80.539067, 32.388839
77.724496, 35.144752
74.711171, 37.889300
71.506888, 40.620192
68.119949, 43.334566
64.559147, 46.028792
60.833753, 48.698180
56.953507, 51.336558
52.928605, 53.935621
48.769710, 56.483917
44.487966, 58.965181
40.095060, 61.355501
35.603330, 63.618229
31.026022, 65.694201
26.377847, 67.481383
21.676304, 68.787773
16.945322, 69.205742
12.227385, 67.701480
7.639891, 60.792613
3.828194, 30.722155
4.338021, 320.194414
8.415184, 297.245674
13.042729, 291.808766
17.767753, 290.771898
22.495864, 291.391234
27.189595, 292.801655
31.826612, 294.649311
36.390059, 296.763454
40.865544, 299.051780
45.240007, 301.460080
49.501234, 303.954439
53.637641, 306.512557
57.638168, 309.119167
61.492236, 311.763456
65.189726, 314.437553
68.720981, 317.135581
72.076811, 319.853060
75.248507, 322.586512
78.227854, 325.333185
81.007146, 328.090871
83.579205, 330.857772
85.937392, 333.632400
88.075626, 336.413511
89.988395, 339.200046
91.670773, 341.991093
93.118426, 344.785856
94.327627, 347.583629
95.295264, 350.383773
96.018846, 353.185705
96.496511, 355.988877
96.727032, 358.792769
96.709813, 1.596878
96.444900, 4.400701
95.932975, 7.203732
95.175353, 10.005448
94.173986, 12.805299
92.931450, 15.602693
91.450944, 18.396984
89.736278, 21.187455
87.791870, 23.973293
85.622730, 26.753570
83.234447, 29.527204
80.633182, 32.292920
77.825649, 35.049191
74.819101, 37.794170
71.621315, 40.525581
68.240576, 43.240585
64.685662, 45.935582
60.965826, 48.605926
57.090790, 51.245505
53.070738, 53.846105
48.916313, 56.396403
44.638645, 58.880341
40.249398, 61.274341
35.760885, 63.542323
31.186315, 65.626158
26.540329, 67.425857
21.840295, 68.753923
17.109796, 69.214262
12.390222, 67.809890
7.793777, 61.224124
3.920730, 32.733541
4.227311, 321.822255
8.259022, 297.600918
12.879441, 291.896648
17.603259, 290.772435
22.332033, 291.353525
27.027380, 292.743986
31.666670, 294.579959
36.232923, 296.686693
40.711689, 298.970031
45.089870, 301.374817
49.355228, 303.866612
53.496160, 306.422803
57.501588, 309.027930
61.360916, 311.671057
65.064010, 314.344226
68.601196, 317.041504
71.963270, 319.758371
75.141503, 322.491317
78.127664, 325.237570
80.914029, 327.994906
83.493402, 330.761514
85.859124, 333.535896
88.005095, 336.316800
89.925783, 339.103162
91.616240, 341.894067
93.072113, 344.688713
94.289654, 347.486393
95.265728, 350.286465
95.997823, 353.088343
96.484056, 355.891481
96.723175, 358.695357
96.714566, 1.499466
96.458250, 4.303308
95.954887, 7.106375
95.205772, 9.908146
94.212833, 12.708071
92.978625, 15.505561
91.506325, 18.299972
89.799724, 21.090588
87.863217, 23.876602
85.701792, 26.657089
83.321022, 29.430974
80.727047, 32.196989
77.926561, 34.953618
74.926799, 37.699024
71.735521, 40.430950
68.360994, 43.146579
64.811977, 45.842342
61.097710, 48.513635
57.227898, 51.154406
53.212708, 53.756528
49.062768, 56.308810
44.789189, 58.795394
40.403615, 61.193031
35.918336, 63.466199
31.346520, 65.557780
26.702747, 67.369780
22.004247, 68.719076
17.274279, 69.220700
12.553181, 67.912870
7.948285, 61.634981
4.018333, 34.644940
4.120640, 323.541318
8.103378, 297.973711
12.716256, 291.989374
17.438767, 290.774885
22.168160, 291.316748
26.865097, 292.686838
31.506639, 294.510927
36.075682, 296.610141
40.557713, 298.888427
44.939597, 301.289659
49.209073, 303.778862
53.354515, 306.333108
57.364831, 308.936739
61.229407, 311.578693
64.938094, 314.250927
68.481201, 316.947451
71.849506, 319.663701
75.034267, 322.396139
78.027233, 325.141970
80.820663, 327.898953
83.407341, 330.665265
85.780591, 333.439399
87.934291, 336.220096
89.862892, 339.006284
91.561424, 341.797045
93.025513, 344.591574
94.251389, 347.389159
95.235897, 350.189158
95.976504, 352.990983
96.471302, 355.794086
96.719020, 358.597945
=======
88.527871, 8.604578
81.132876, 22.448213
67.701451, 35.677904
49.352019, 47.225283
27.908692, 52.606498
10.340212, 8.418394
24.897952, 308.087574
46.529744, 311.464216
65.436148, 322.592882
79.622946, 335.680985
87.895626, 349.472155
89.590578, 3.491154
84.573484, 17.438668
73.243378, 30.963991
56.524122, 43.340412
35.920084, 52.106168
14.762236, 39.816651
17.247754, 314.711551
38.797316, 308.613349
59.002725, 318.182084
75.079880, 330.785298
85.615197, 344.394692
89.754271, 358.368626
87.168351, 12.375788
78.062481, 26.108592
63.169590, 39.040943
43.760070, 49.690607
22.040004, 50.506565
11.343236, 337.061955
30.823034, 307.257466
52.011574, 314.124731
69.793736, 326.014135
82.477920, 339.363365
89.017219, 353.250330
88.889857, 7.278094
82.105924, 21.153406
69.207056, 34.470143
51.260389, 46.267565
29.992819, 52.748035
10.968510, 19.131899
22.847790, 309.003985
44.553569, 310.626243
63.823287, 321.420890
78.517323, 334.399704
87.387215, 348.149954
89.719759, 2.161001
85.330039, 16.127983
74.566838, 29.714531
58.304311, 42.256403
37.981037, 51.612790
16.514898, 43.964054
15.442860, 318.379206
36.742168, 308.076687
57.237134, 317.088000
73.776127, 329.532313
84.881528, 343.082683
89.649281, 357.038295
87.700345, 11.054436
79.189185, 24.829804
64.799163, 37.875628
45.746089, 48.876228
24.078751, 51.596964
10.532942, 347.146998
28.737851, 307.308613
50.115294, 313.151005
68.306215, 324.801332
81.526812, 338.066634
88.679168, 351.923299
89.191646, 5.950310
83.023651, 19.853899
70.666893, 33.250069
53.137853, 45.271125
32.077806, 52.676020
12.024066, 28.113858
20.830598, 310.392824
42.553337, 309.850248
62.168833, 320.266200
77.358992, 333.124859
86.819679, 346.829972
89.788149, 0.830472
86.028947, 14.814076
75.840502, 28.456451
60.047385, 41.147915
40.026462, 51.016008
18.385411, 46.995682
13.785357, 323.350082
34.673448, 307.654755
55.435328, 316.020117
72.423166, 328.288432
84.090534, 341.774105
89.483551, 355.708481
88.172991, 9.731035
80.262691, 23.544919
66.386373, 36.694038
47.706734, 48.005028
26.142513, 52.280452
10.204125, 358.546571
26.657335, 307.602417
48.189196, 312.219120
66.773614, 323.601573
80.520804, 336.774873
88.281069, 350.597720
89.433020, 4.621473
83.885393, 18.550113
72.079853, 32.018791
54.982685, 44.240513
34.158296, 52.429691
13.403850, 35.175191
18.863374, 312.392805
40.531386, 309.146224
60.474101, 319.130701
76.148803, 331.857054
86.193427, 345.512499
89.795701, 359.499798
86.669704, 13.497273
77.063426, 27.190494
61.751903, 40.017501
42.053416, 50.331638
20.336883, 49.174130
12.340199, 329.958045
32.594792, 307.370168
53.598853, 314.981647
71.022007, 327.054531
83.242785, 340.469319
89.257199, 354.379420
88.585951, 8.405857
81.282214, 22.254464
67.929983, 35.497716
49.639944, 47.084408
28.220764, 52.643166
10.403440, 10.109557
24.589104, 308.199205
46.235174, 311.335014
65.197112, 322.416189
79.460625, 335.488558
87.823207, 349.273853
89.613810, 3.291824
84.690529, 17.242441
73.444873, 30.777302
56.793243, 43.179611
36.229843, 52.039532
15.015557, 40.521438
16.969829, 315.190691
38.490284, 308.526357
58.740464, 318.016547
74.887647, 330.596952
85.508908, 344.197843
89.742408, 358.169212
87.251853, 12.177885
78.234709, 25.917338
63.416480, 38.867389
44.059266, 49.572498
22.343474, 50.700069
11.194592, 338.460150
30.510462, 307.251613
51.729330, 313.976329
69.573704, 325.831577
82.338893, 339.168712
88.970387, 353.051352
88.938930, 7.079162
82.247014, 20.958925
69.428800, 34.288035
51.543796, 46.120566
30.305405, 52.749771
11.101975, 20.599572
22.542997, 309.179119
44.255252, 310.505766
63.577936, 321.246679
78.347050, 334.208206
87.305910, 347.951967
89.733884, 1.961600
85.438477, 15.931252
74.760931, 29.526500
58.567963, 42.091756
38.288671, 51.529507
16.788797, 44.482372
15.183698, 319.033167
36.432890, 308.005644
56.969349, 316.926204
73.576456, 329.345279
84.766612, 342.886326
89.628308, 356.838944
87.774975, 10.856209
79.353491, 24.637601
65.039784, 37.699528
46.041619, 48.749076
24.386765, 51.722936
10.451086, 348.794508
28.425560, 307.335901
49.828465, 313.008534
68.079353, 324.620650
81.379512, 337.872697
88.623320, 351.724523
89.231676, 5.751205
83.156391, 19.658750
70.881680, 33.066213
53.416477, 45.118732
32.390034, 52.649375
12.212687, 29.292443
20.532077, 310.649692
42.251610, 309.739874
61.917359, 320.094740
77.180892, 332.934376
86.729547, 346.632342
89.793158, 0.631034
86.128700, 14.616890
76.027049, 28.267193
60.305350, 40.979827
40.331507, 50.918672
18.673475, 47.370981
13.553352, 324.228195
34.362436, 307.602727
55.162247, 315.862512
72.216205, 328.102837
83.967074, 341.578293
89.453484, 355.509228
88.238695, 9.532524
80.418954, 23.351848
66.620537, 36.515636
47.998280, 47.870030
26.453299, 52.353463
10.200178, 0.302008
26.346355, 307.670859
47.898058, 312.083407
66.540095, 323.422957
80.365337, 336.581721
88.216244, 350.399184
89.463981, 4.422231
84.009688, 18.354357
72.287522, 31.833344
55.256274, 44.083347
34.469448, 52.379727
13.632613, 36.078108
18.574184, 312.756020
40.226619, 309.047626
60.216708, 318.962296
75.963006, 331.667682
86.094532, 345.315271
89.791589, 359.300359
86.760701, 13.299680
77.242290, 27.000116
62.003968, 39.846327
42.355459, 50.222342
20.634639, 49.440243
12.147004, 331.108062
32.282640, 307.341027
53.320713, 314.828759
70.807912, 326.870512
83.110871, 340.274108
89.218059, 354.180300
88.642683, 8.207102
81.430322, 22.060601
68.157508, 35.317229
49.927209, 46.942563
28.532976, 52.674109
10.477997, 11.775513
24.280748, 308.319393
45.940021, 311.207041
64.957118, 322.239852
79.297105, 335.296266
87.749452, 349.075596
89.635677, 3.092481
84.806288, 17.046136
73.645267, 30.590405
57.061559, 43.018205
36.539316, 51.970211
15.272469, 41.195159
16.694290, 315.693176
38.182885, 308.441586
58.477361, 317.851544
74.694290, 330.408796
85.401321, 344.001064
89.729179, 357.969805
87.334028, 11.979931
78.405758, 25.725936
63.662442, 38.693436
44.357934, 49.452949
22.647760, 50.882342
11.054998, 339.900679
30.197875, 307.250296
51.446382, 313.828769
69.352636, 325.649289
82.198619, 338.974162
88.922202, 352.852402
88.986650, 6.880202
82.386859, 20.764339
69.649512, 34.105653
51.826502, 45.972715
30.617989, 52.746878
11.244722, 22.025656
22.238986, 309.365208
43.956402, 310.386708
63.331654, 321.072863
78.175596, 334.016854
87.223278, 347.754030
89.746643, 1.762191
85.545618, 15.734449
74.953902, 29.338278
58.830777, 41.926568
38.595945, 51.443966
17.065173, 44.976720
14.927999, 319.717446
36.123318, 307.937239
56.700756, 316.765005
73.375683, 329.158453
84.650410, 342.690048
89.605972, 356.639605
87.848270, 10.657936
79.516599, 24.445262
65.279449, 37.523069
46.336572, 48.620678
24.695295, 51.840146
10.380400, 350.469545
28.113394, 307.368793
49.540972, 312.867021
67.851481, 324.440265
81.230980, 337.678873
88.566123, 351.525779
89.270349, 5.552077
83.287872, 19.463506
71.095411, 32.882110
53.694361, 44.965587
32.702144, 52.618942
12.408223, 30.427565
20.234734, 310.920751
41.949404, 309.631149
61.664985, 319.923716
77.001629, 332.744054
86.638097, 346.434769
89.796799, 0.431594
86.227145, 14.419640
76.212453, 28.077762
60.562443, 40.811256
40.636126, 50.819420
18.963239, 47.727987
13.326335, 325.144309
34.051212, 307.553861
54.888392, 315.705579
72.008166, 327.917469
83.842342, 341.382567
89.422056, 355.309992
88.303058, 9.333974
80.574003, 23.158654
66.853717, 36.336909
48.289202, 47.733947
26.764377, 52.419550
10.208262, 2.056641
26.035675, 307.746308
47.606299, 311.948788
66.305594, 323.244669
80.208655, 336.388693
88.150078, 350.200686
89.493579, 4.222972
84.132709, 18.158516
72.494110, 31.647671
55.529088, 43.925514
34.780385, 52.326633
13.866273, 36.943406
18.286727, 313.137785
39.921431, 308.950959
59.958445, 318.794376
75.776066, 331.478486
85.994329, 345.118107
89.786111, 359.100922
86.850380, 13.102031
77.419990, 26.809579
62.255130, 39.674717
42.657018, 50.111408
20.933549, 49.692359
11.960841, 332.301700
31.970375, 307.315710
53.041837, 314.676628
70.592762, 326.686742
82.977697, 340.078992
89.177561, 353.981203
88.698068, 8.008314
81.577198, 21.866626
68.384022, 35.136446
50.213809, 46.799768
28.845304, 52.699511
10.563636, 13.412783
23.972920, 308.448454
45.644294, 311.080325
64.716169, 322.063877
79.132388, 335.104109
87.674364, 348.877384
89.656180, 2.893126
84.920761, 16.849752
73.844559, 30.403301
57.329064, 42.856205
36.848490, 51.898277
15.532778, 41.838952
16.421275, 316.219964
37.875130, 308.359093
58.213421, 317.687085
74.499812, 330.220831
85.292437, 343.804358
89.714584, 357.770406
87.414877, 11.781927
78.575624, 25.534388
63.907472, 38.519091
44.656066, 49.331990
22.952810, 51.053803
10.924808, 341.382349
29.885292, 307.253659
51.162736, 313.682067
69.130538, 325.467275
82.057101, 338.779717
88.872664, 352.653480
89.033016, 6.681215
82.525457, 20.569651
69.869188, 33.923003
52.108502, 45.824028
30.930552, 52.739496
11.396396, 23.409073
21.935808, 309.562675
43.657026, 310.269103
63.084447, 320.899447
78.002963, 333.825651
87.139320, 347.556145
89.758036, 1.562775
85.651460, 15.537576
75.145748, 29.149868
59.092747, 41.760850
38.902848, 51.356223
17.343888, 45.448044
14.675960, 320.433185
35.813463, 307.871542
56.431360, 316.604414
73.173811, 328.971837
84.532925, 342.493848
89.582271, 356.440279
87.920230, 10.459619
79.678507, 24.252790
65.518154, 37.346255
46.630940, 48.491058
25.004303, 51.948904
10.321119, 352.168516
27.801377, 307.407474
49.252822, 312.726483
67.622605, 324.260182
81.081220, 337.485164
88.507580, 351.327071
89.307664, 5.352927
83.418090, 19.268169
71.308081, 32.697761
53.971502, 44.811702
33.014119, 52.584832
12.610341, 31.519789
19.938642, 311.206574
41.646726, 309.524114
61.411716, 319.753138
76.821207, 332.553893
86.545331, 346.237254
89.799074, 0.232152
86.324280, 14.222327
76.396711, 27.888158
60.818660, 40.642208
40.940312, 50.718298
19.254608, 48.067427
13.104581, 326.099507
33.739792, 307.508245
54.613769, 315.549329
71.799050, 327.732330
83.716338, 341.186929
89.389266, 355.110774
88.366078, 9.135386
80.727834, 22.965338
67.085909, 36.157860
48.579495, 47.596799
27.075716, 52.478945
10.228347, 3.805820
25.725328, 307.829010
47.313926, 311.815284
66.070115, 323.066712
80.050762, 336.195791
88.082572, 350.002229
89.521816, 4.023696
84.254454, 17.962589
72.699615, 31.461775
55.801121, 43.767025
35.091093, 52.270493
14.104573, 37.772217
18.001105, 313.538867
39.615830, 308.856271
59.699318, 318.626952
75.587988, 331.289467
85.892821, 344.921009
89.779265, 358.901488
86.938739, 12.904325
77.596524, 26.618884
62.505387, 39.502679
42.958086, 49.998875
21.233548, 49.931016
11.782055, 333.539289
31.658013, 307.294333
52.762229, 314.525268
70.376560, 326.503225
82.843267, 339.883973
89.135707, 353.782130
88.752102, 7.809494
81.722841, 21.672539
68.609523, 34.955371
50.499736, 46.656041
29.157727, 52.719547
10.660087, 15.018232
23.665663, 308.586717
45.347999, 310.954891
64.474270, 321.888270
78.966476, 334.912090
87.597942, 348.679218
89.675318, 2.693759
85.033945, 16.653292
74.042743, 30.215993
57.595754, 42.693621
37.157355, 51.823797
15.796300, 42.453932
16.150929, 316.772046
37.567029, 308.278936
57.948649, 317.523178
74.304216, 330.033061
85.182259, 343.607724
89.698624, 357.571016
87.494396, 11.583872
78.744305, 25.342696
64.151567, 38.344360
44.953654, 49.209653
23.258577, 51.214851
10.804373, 342.903621
29.572733, 307.261849
50.878397, 313.536239
68.907414, 325.285538
81.914342, 338.585377
88.821773, 352.454588
89.078027, 6.482201
82.662804, 20.374862
70.087824, 33.740089
52.389790, 45.674520
31.243075, 52.727760
11.556635, 24.749068
21.633518, 309.771966
43.357132, 310.152982
62.836318, 320.726438
77.829154, 333.634598
87.054038, 347.358313
89.768062, 1.363352
85.756002, 15.340634
75.336465, 28.961272
59.353869, 41.594609
39.209372, 51.266333
17.624817, 45.897257
14.427789, 321.181543
35.503337, 307.808627
56.161165, 316.444442
72.970843, 328.785434
84.414157, 342.297730
89.557207, 356.240967
87.990853, 10.261259
79.839211, 24.060187
65.755894, 37.169091
46.924717, 48.360244
25.313754, 52.049507
10.273443, 353.887526
27.489533, 307.452140
48.964020, 312.586941
67.392727, 324.080404
80.930234, 337.291571
88.447691, 351.128397
89.343619, 5.153756
83.547045, 19.072740
71.519688, 32.513172
54.247892, 44.657092
33.325944, 52.547149
12.818718, 32.569825
19.643874, 311.507762
41.343584, 309.418807
61.157555, 319.583010
76.639629, 332.363898
86.451250, 346.039799
89.799982, 0.032709
86.420105, 14.024953
76.579820, 27.698384
61.073997, 40.472692
41.244055, 50.615350
19.547492, 48.389996
12.888375, 327.094814
33.428188, 307.465972
54.338383, 315.393776
71.588862, 327.547426
83.589066, 340.991380
89.355117, 354.911576
88.427754, 8.936760
80.880444, 22.771902
67.317110, 35.978496
48.869152, 47.458609
27.387290, 52.531872
10.260362, 5.544971
25.415344, 307.919223
47.020945, 311.682920
65.833662, 322.889093
79.891660, 336.003015
88.013726, 349.803813
89.548690, 3.824404
84.374922, 17.766579
72.904032, 31.275659
56.072368, 43.607892
35.401559, 52.211390
14.347268, 38.565695
17.717423, 313.960068
39.309827, 308.763610
59.439331, 318.460030
75.398774, 331.100628
85.790008, 344.723977
89.771053, 358.702059
87.025778, 12.706564
77.771890, 26.428034
62.754732, 39.330220
43.258655, 49.884777
21.534570, 50.156733
11.610998, 334.820956
31.345570, 307.277015
52.481896, 314.374695
70.159310, 326.319964
82.707582, 339.689051
89.092496, 353.583082
88.804787, 7.610642
81.867246, 21.478343
68.834006, 34.774010
50.784985, 46.511399
29.470223, 52.734387
10.767051, 16.589088
23.359016, 308.734527
45.051144, 310.830769
64.231426, 321.713035
78.799373, 334.720210
87.520189, 348.481100
89.693092, 2.494382
85.145839, 16.456756
74.239818, 30.028485
57.861624, 42.530462
37.465899, 51.746837
16.062863, 43.041190
15.883406, 317.350445
37.258593, 308.201176
57.683050, 317.359833
74.107506, 329.845487
85.070789, 343.411163
89.681298, 357.371636
87.572586, 11.385770
78.911798, 25.150862
64.394721, 38.169249
45.250692, 49.085967
23.565013, 51.365871
10.694027, 344.462590
29.260219, 307.275021
50.593372, 313.391302
68.683266, 325.104084
81.770342, 338.391145
88.769532, 352.255726
89.121683, 6.283161
82.798901, 20.179972
70.305417, 33.556913
52.670360, 45.524207
31.555540, 52.711800
11.725079, 26.045182
21.332173, 309.993547
43.056728, 310.038379
62.587273, 320.553841
77.654173, 333.443698
86.967434, 347.160535
89.776722, 1.163925
85.859242, 15.143625
75.526051, 28.772492
59.614137, 41.427854
39.515505, 51.174348
17.907838, 46.325236
14.183705, 321.963685
35.192953, 307.748570
55.890177, 316.285100
72.766783, 328.599247
84.294109, 342.101693
89.530780, 356.041670
88.060138, 10.062856
79.998710, 23.867454
65.992666, 36.991584
47.217895, 48.228258
25.623611, 52.142241
10.237538, 355.622413
27.177888, 307.502992
48.674573, 312.448413
67.161853, 323.900937
80.778025, 337.098096
88.386456, 350.929759
89.378215, 4.954565
83.674733, 18.877221
71.730226, 32.328344
54.523526, 44.501770
33.637605, 52.505994
13.033040, 33.578501
19.350511, 311.824944
41.039989, 309.315270
60.902508, 319.413342
76.456898, 332.174069
86.355855, 345.842405
89.799522, 359.833266
86.514617, 13.827517
76.761777, 27.508443
61.328449, 40.302714
41.547346, 50.510619
19.841808, 48.696360
12.678015, 328.131188
33.116415, 307.427139
54.062240, 315.238930
71.377606, 327.362758
83.460527, 340.795921
89.319607, 354.712399
88.488085, 8.738098
81.031832, 22.578347
67.547315, 35.798819
49.158166, 47.319398
27.699072, 52.578545
10.304193, 7.269659
25.105756, 308.017214
46.727364, 311.551718
65.596239, 322.711817
79.731351, 335.810369
87.943542, 349.605438
89.574201, 3.625097
84.494110, 17.570487
73.107358, 31.089327
56.342823, 43.448126
35.711771, 52.149404
14.594124, 39.325005
17.435795, 314.402221
39.003430, 308.673027
59.178489, 318.293620
75.208428, 330.911971
85.685893, 344.527013
89.761475, 358.502635
87.111494, 12.508750
77.946083, 26.237031
63.003162, 39.157345
43.558717, 49.769150
21.836557, 50.370003
11.448028, 336.146595
31.033064, 307.263880
52.200843, 314.224921
69.941015, 326.136964
82.570644, 339.494229
89.047929, 353.384059
88.856121, 7.411760
82.010413, 21.284039
69.057466, 34.592366
51.069549, 46.365862
29.782769, 52.744194
10.884214, 18.122952
23.053025, 308.892245
44.753735, 310.707986
63.987639, 321.538178
78.631082, 334.528472
87.441106, 348.283030
89.709500, 2.294995
85.256441, 16.260146
74.435779, 29.840779
58.126668, 42.366738
37.774111, 51.667459
16.332300, 43.601790
15.618868, 317.956213
36.949832, 308.125875
57.416629, 317.197059
73.909685, 329.658114
84.958027, 343.214678
89.662608, 357.172266
87.649444, 11.187620
79.078100, 24.958888
64.636931, 37.993763
45.547172, 48.960960
23.872075, 51.507226
10.594095, 346.056980
28.947770, 307.293335
50.307667, 313.247273
68.458098, 324.922915
81.625105, 338.197023
88.715940, 352.056895
89.163982, 6.084096
82.933743, 19.984985
70.521964, 33.373479
52.950206, 45.373104
31.867930, 52.691741
11.901369, 27.297225
21.031832, 310.227904
42.755823, 309.925328
62.337315, 320.381664
77.478022, 333.252952
86.879508, 346.962811
89.784016, 0.964493
85.961178, 14.946548
75.714502, 28.583532
59.873547, 41.260594
39.821239, 51.080319
18.192836, 46.732827
13.943936, 322.780779
34.882323, 307.691449
55.618401, 316.126398
72.561635, 328.413279
84.172782, 341.905739
89.502991, 355.842389
88.128084, 9.864412
80.157000, 23.674593
66.228465, 36.813738
47.510468, 48.095125
25.933843, 52.227377
10.213530, 357.368802
26.866469, 307.560242
48.384488, 312.310922
66.929985, 323.721784
80.624594, 336.904740
88.323877, 350.731159
89.411451, 4.755354
83.801153, 18.681612
71.939694, 32.143282
54.798400, 44.345747
33.949088, 52.461464
13.253006, 34.546745
19.058635, 312.158775
40.735947, 309.213544
60.646579, 319.244140
76.273016, 331.984409
86.259150, 345.645072
89.797696, 359.633823
86.607815, 13.630022
76.942578, 27.318337
61.582012, 40.132283
41.850177, 50.404146
20.137475, 48.987155
12.473809, 329.209490
32.804487, 307.391846
53.785346, 315.084806
71.165284, 327.178330
83.330723, 340.600554
89.282738, 354.513242
88.547070, 8.539401
81.181994, 22.384676
67.776520, 35.618836
49.446531, 47.179184
28.011035, 52.619167
10.359688, 8.975646
24.796598, 308.123265
46.433189, 311.421704
65.357850, 322.534888
79.569837, 335.617854
87.872020, 349.407107
89.598348, 3.425776
84.612016, 17.374314
73.309590, 30.902780
56.612482, 43.287737
36.021716, 52.084612
14.844917, 40.051315
17.156340, 314.866193
38.696650, 308.584574
58.916797, 318.127729
75.016952, 330.723500
85.580477, 344.330117
89.750530, 358.303217
87.195886, 12.310882
78.119102, 26.045877
63.250672, 38.984062
43.858264, 49.652028
22.139449, 50.571298
11.293505, 337.515838
30.720513, 307.255055
51.919076, 314.075963
69.721680, 325.954226
82.432457, 339.299507
89.002007, 353.185063
88.906102, 7.212848
82.152338, 21.089628
69.279902, 34.410442
51.353423, 46.219444
30.095346, 52.749123
11.011242, 19.617799
22.747734, 309.060247
44.455780, 310.586572
63.742915, 321.363706
78.461604, 334.336876
87.360693, 348.085009
89.724542, 2.095599
85.365750, 16.063463
74.630624, 29.652878
58.390881, 42.202459
38.081980, 51.585725
16.604456, 44.136764
15.357485, 318.590433
36.640758, 308.053098
57.149390, 317.034866
73.710757, 329.470943
84.843977, 343.018270
89.642552, 356.972906
87.724970, 10.989423
79.243210, 24.766776
64.878192, 37.817908
45.843086, 48.834661
24.179720, 51.639268
10.504878, 347.684140
28.635408, 307.316957
50.021288, 313.104170
68.231916, 324.742036
81.478633, 338.003010
88.660998, 351.858097
89.204925, 5.885006
83.067328, 19.789900
70.737459, 33.189792
53.229323, 45.221224
32.180229, 52.667704
12.085151, 28.505252
20.732557, 310.475547
42.454424, 309.813866
62.086449, 320.209914
77.300704, 333.062363
86.790261, 346.765143
89.789943, 0.765057
86.061810, 14.749406
75.901815, 28.394394
60.132093, 41.092836
40.126563, 50.984296
18.479703, 47.120842
13.708726, 323.633983
34.571460, 307.637347
55.345843, 315.968349
72.355402, 328.227532
84.050179, 341.709869
89.473839, 355.643124
88.194690, 9.665928
80.314079, 23.481606
66.463287, 36.635558
47.802429, 47.960870
26.244417, 52.305177
10.201504, 359.122156
26.555302, 307.624109
48.093771, 312.174487
66.697129, 323.542951
80.469944, 336.711506
88.259954, 350.532596
89.443325, 4.556124
83.926302, 18.485915
72.148087, 31.957989
55.072507, 44.189037
34.260377, 52.413654
13.478328, 35.475562
18.768335, 312.509941
40.431469, 309.113674
60.389772, 319.075411
76.087988, 331.794921
86.161134, 345.447801
89.794503, 359.434382
86.699696, 13.432469
77.122221, 27.128068
61.834680, 39.961404
42.152539, 50.295972
20.434415, 49.262992
12.276077, 330.330471
32.492420, 307.360195
53.507705, 314.931417
70.951900, 326.994145
83.199656, 340.405280
89.244511, 354.314106
88.604708, 8.340669
81.330929, 22.190890
68.004722, 35.438549
49.734240, 47.037988
28.323155, 52.653937
10.426658, 10.658945
24.487907, 308.237669
46.138428, 311.292902
65.118500, 322.358311
79.407123, 335.425472
87.799163, 349.208820
89.621132, 3.226441
84.728639, 17.178062
73.510724, 30.716023
56.881340, 43.126736
36.331382, 52.017087
15.099438, 40.745786
16.879182, 315.352887
38.389497, 308.498305
58.654259, 317.962367
74.824349, 330.535216
85.473762, 344.133292
89.738219, 358.103806
87.278953, 12.112962
78.290943, 25.854574
63.497258, 38.810376
44.157287, 49.533443
22.443192, 50.761071
11.147790, 338.928029
30.407934, 307.250674
51.636601, 313.927836
69.501307, 325.771757
82.293020, 339.104888
88.954732, 352.986093
>>>>>>> f564735e578b4282136090eb0336cbbcaf840cb2
##END=
##XYPOINTS= (XY..XY)
100.000000, 0.000000
100.000000, 0.000000
100.000000, 0.000000
100.000000, 0.000000
100.000000, 0.000000
100.000000, 0.000000
100.000000, 0.000000
100.000000, 0.000000
100.000000, 0.000000
100.000000, 0.000000
100.000000, 0.000000
100.000000, 0.000000
100.000000, 0.000000
100.000000, 0.000000
100.000000, 0.000000
100.000000, 0.000000
100.000000, 0.000000
100.000000, 0.000000
100.000000, 0.000000
100.000000, 0.000000
100.000000, 0.000000
100.000000, 0.000000
100.000000, 0.000000
100.000000, 0.000000
100.000000, 0.000000
100.000000, 0.000000
100.000000, 0.000000
100.000000, 0.000000
100.000000, 0.000000
100.000000, 0.000000
100.000000, 0.000000
100.000000, 0.000000
100.000000, 0.000000
100.000000, 0.000000
100.000000, 0.000000
100.000000, 0.000000
100.000000, 0.000000
100.000000, 0.000000
100.000000, 0.000000
100.000000, 0.000000
100.000000, 0.000000
100.000000, 0.000000
100.000000, 0.000000
100.000000, 0.000000
100.000000, 0.000000
100.000000, 0.000000
100.000000, 0.000000
100.000000, 0.000000
100.000000, 0.000000
100.000000, 0.000000
100.000000, 0.000000
100.000000, 0.000000
100.000000, 0.000000
100.000000, 0.000000
100.000000, 0.000000
100.000000, 0.000000
100.000000, 0.000000
100.000000, 0.000000
100.000000, 0.000000
100.000000, 0.000000
100.000000, 0.000000
100.000000, 0.000000
100.000000, 0.000000
100.000000, 0.000000
100.000000, 0.000000
100.000000, 0.000000
100.000000, 0.000000
100.000000, 0.000000
100.000000, 0.000000
100.000000, 0.000000
100.000000, 0.000000
100.000000, 0.000000
100.000000, 0.000000
100.000000, 0.000000
100.000000, 0.000000
100.000000, 0.000000
100.000000, 0.000000
100.000000, 0.000000
100.000000, 0.000000
100.000000, 0.000000
100.000000, 0.000000
100.000000, 0.000000
100.000000, 0.000000
100.000000, 0.000000
100.000000, 0.000000
100.000000, 0.000000
100.000000, 0.000000
100.000000, 0.000000
100.000000, 0.000000
100.000000, 0.000000
100.000000, 0.000000
100.000000, 0.000000
100.000000, 0.000000
100.000000, 0.000000
100.000000, 0.000000
100.000000, 0.000000
100.000000, 0.000000
100.000000, 0.000000
100.000000, 0.000000
100.000000, 0.000000
100.000000, 0.000000
100.000000, 0.000000
100.000000, 0.000000
100.000000, 0.000000
100.000000, 0.000000
100.000000, 0.000000
100.000000, 0.000000
100.000000, 0.000000
100.000000, 0.000000
100.000000, 0.000000
100.000000, 0.000000
100.000000, 0.000000
100.000000, 0.000000
100.000000, 0.000000
100.000000, 0.000000
100.000000, 0.000000
100.000000, 0.000000
100.000000, 0.000000
100.000000, 0.000000
100.000000, 0.000000
100.000000, 0.000000
100.000000, 0.000000
100.000000, 0.000000
100.000000, 0.000000
100.000000, 0.000000
100.000000, 0.000000
100.000000, 0.000000
100.000000, 0.000000
100.000000, 0.000000
100.000000, 0.000000
100.000000, 0.000000
100.000000, 0.000000
100.000000, 0.000000
100.000000, 0.000000
100.000000, 0.000000
100.000000, 0.000000
100.000000, 0.000000
100.000000, 0.000000
100.000000, 0.000000
100.000000, 0.000000
100.000000, 0.000000
100.000000, 0.000000
100.000000, 0.000000
100.000000, 0.000000
100.000000, 0.000000
100.000000, 0.000000
100.000000, 0.000000
100.000000, 0.000000
100.000000, 0.000000
100.000000, 0.000000
100.000000, 0.000000
100.000000, 0.000000
100.000000, 0.000000
100.000000, 0.000000
100.000000, 0.000000
100.000000, 0.000000
100.000000, 0.000000
100.000000, 0.000000
100.000000, 0.000000
100.000000, 0.000000
100.000000, 0.000000
100.000000, 0.000000
100.000000, 0.000000
100.000000, 0.000000
100.000000, 0.000000
100.000000, 0.000000
100.000000, 0.000000
100.000000, 0.000000
100.000000, 0.000000
100.000000, 0.000000
100.000000, 0.000000
100.000000, 0.000000
100.000000, 0.000000
100.000000, 0.000000
100.000000, 0.000000
100.000000, 0.000000
100.000000, 0.000000
100.000000, 0.000000
100.000000, 0.000000
100.000000, 0.000000
100.000000, 0.000000
100.000000, 0.000000
100.000000, 0.000000
100.000000, 0.000000
100.000000, 0.000000
100.000000, 0.000000
100.000000, 0.000000
100.000000, 0.000000
100.000000, 0.000000
100.000000, 0.000000
100.000000, 0.000000
100.000000, 0.000000
100.000000, 0.000000
100.000000, 0.000000
100.000000, 0.000000
100.000000, 0.000000
100.000000, 0.000000
100.000000, 0.000000
100.000000, 0.000000
100.000000, 0.000000
100.000000, 0.000000
100.000000, 0.000000
100.000000, 0.000000
100.000000, 0.000000
100.000000, 0.000000
100.000000, 0.000000
100.000000, 0.000000
100.000000, 0.000000
100.000000, 0.000000
100.000000, 0.000000
100.000000, 0.000000
100.000000, 0.000000
100.000000, 0.000000
100.000000, 0.000000
100.000000, 0.000000
100.000000, 0.000000
100.000000, 0.000000
100.000000, 0.000000
100.000000, 0.000000
100.000000, 0.000000
100.000000, 0.000000
100.000000, 0.000000
100.000000, 0.000000
100.000000, 0.000000
100.000000, 0.000000
100.000000, 0.000000
100.000000, 0.000000
100.000000, 0.000000
100.000000, 0.000000
100.000000, 0.000000
100.000000, 0.000000
100.000000, 0.000000
100.000000, 0.000000
100.000000, 0.000000
100.000000, 0.000000
100.000000, 0.000000
100.000000, 0.000000
100.000000, 0.000000
100.000000, 0.000000
100.000000, 0.000000
100.000000, 0.000000
100.000000, 0.000000
100.000000, 0.000000
100.000000, 0.000000
100.000000, 0.000000
100.000000, 0.000000
100.000000, 0.000000
100.000000, 0.000000
100.000000, 0.000000
100.000000, 0.000000
100.000000, 0.000000
100.000000, 0.000000
100.000000, 0.000000
100.000000, 0.000000
100.000000, 0.000000
100.000000, 0.000000
100.000000, 0.000000
100.000000, 0.000000
100.000000, 0.000000
100.000000, 0.000000
100.000000, 0.000000
100.000000, 0.000000
100.000000, 0.000000
100.000000, 0.000000
100.000000, 0.000000
100.000000, 0.000000
100.000000, 0.000000
100.000000, 0.000000
100.000000, 0.000000
100.000000, 0.000000
100.000000, 0.000000
100.000000, 0.000000
100.000000, 0.000000
100.000000, 0.000000
100.000000, 0.000000
100.000000, 0.000000
100.000000, 0.000000
100.000000, 0.000000
100.000000, 0.000000
100.000000, 0.000000
100.000000, 0.000000
100.000000, 0.000000
100.000000, 0.000000
100.000000, 0.000000
100.000000, 0.000000
100.000000, 0.000000
100.000000, 0.000000
100.000000, 0.000000
100.000000, 0.000000
100.000000, 0.000000
100.000000, 0.000000
100.000000, 0.000000
100.000000, 0.000000
100.000000, 0.000000
100.000000, 0.000000
100.000000, 0.000000
100.000000, 0.000000
100.000000, 0.000000
100.000000, 0.000000
100.000000, 0.000000
100.000000, 0.000000
100.000000, 0.000000
100.000000, 0.000000
100.000000, 0.000000
100.000000, 0.000000
100.000000, 0.000000
100.000000, 0.000000
100.000000, 0.000000
100.000000, 0.000000
100.000000, 0.000000
100.000000, 0.000000
100.000000, 0.000000
100.000000, 0.000000
100.000000, 0.000000
100.000000, 0.000000
100.000000, 0.000000
100.000000, 0.000000
100.000000, 0.000000
100.000000, 0.000000
100.000000, 0.000000
100.000000, 0.000000
100.000000, 0.000000
100.000000, 0.000000
100.000000, 0.000000
100.000000, 0.000000
100.000000, 0.000000
100.000000, 0.000000
100.000000, 0.000000
100.000000, 0.000000
100.000000, 0.000000
100.000000, 0.000000
100.000000, 0.000000
100.000000, 0.000000
100.000000, 0.000000
100.000000, 0.000000
100.000000, 0.000000
100.000000, 0.000000
100.000000, 0.000000
100.000000, 0.000000
100.000000, 0.000000
100.000000, 0.000000
100.000000, 0.000000
100.000000, 0.000000
100.000000, 0.000000
100.000000, 0.000000
100.000000, 0.000000
100.000000, 0.000000
100.000000, 0.000000
100.000000, 0.000000
100.000000, 0.000000
100.000000, 0.000000
100.000000, 0.000000
100.000000, 0.000000
100.000000, 0.000000
100.000000, 0.000000
100.000000, 0.000000
100.000000, 0.000000
100.000000, 0.000000
100.000000, 0.000000
100.000000, 0.000000
100.000000, 0.000000
100.000000, 0.000000
100.000000, 0.000000
100.000000, 0.000000
100.000000, 0.000000
100.000000, 0.000000
100.000000, 0.000000
100.000000, 0.000000
100.000000, 0.000000
100.000000, 0.000000
100.000000, 0.000000
100.000000, 0.000000
100.000000, 0.000000
100.000000, 0.000000
100.000000, 0.000000
100.000000, 0.000000
100.000000, 0.000000
100.000000, 0.000000
100.000000, 0.000000
100.000000, 0.000000
100.000000, 0.000000
100.000000, 0.000000
100.000000, 0.000000
100.000000, 0.000000
100.000000, 0.000000
100.000000, 0.000000
100.000000, 0.000000
100.000000, 0.000000
100.000000, 0.000000
100.000000, 0.000000
100.000000, 0.000000
100.000000, 0.000000
100.000000, 0.000000
100.000000, 0.000000
100.000000, 0.000000
100.000000, 0.000000
100.000000, 0.000000
100.000000, 0.000000
100.000000, 0.000000
100.000000, 0.000000
100.000000, 0.000000
100.000000, 0.000000
100.000000, 0.000000
100.000000, 0.000000
100.000000, 0.000000
100.000000, 0.000000
100.000000, 0.000000
100.000000, 0.000000
100.000000, 0.000000
100.000000, 0.000000
100.000000, 0.000000
100.000000, 0.000000
100.000000, 0.000000
100.000000, 0.000000
100.000000, 0.000000
100.000000, 0.000000
100.000000, 0.000000
100.000000, 0.000000
100.000000, 0.000000
100.000000, 0.000000
100.000000, 0.000000
100.000000, 0.000000
100.000000, 0.000000
100.000000, 0.000000
100.000000, 0.000000
100.000000, 0.000000
100.000000, 0.000000
100.000000, 0.000000
100.000000, 0.000000
100.000000, 0.000000
100.000000, 0.000000
100.000000, 0.000000
100.000000, 0.000000
100.000000, 0.000000
100.000000, 0.000000
100.000000, 0.000000
100.000000, 0.000000
100.000000, 0.000000
100.000000, 0.000000
100.000000, 0.000000
100.000000, 0.000000
100.000000, 0.000000
100.000000, 0.000000
100.000000, 0.000000
100.000000, 0.000000
100.000000, 0.000000
100.000000, 0.000000
100.000000, 0.000000
100.000000, 0.000000
100.000000, 0.000000
100.000000, 0.000000
100.000000, 0.000000
100.000000, 0.000000
100.000000, 0.000000
100.000000, 0.000000
100.000000, 0.000000
100.000000, 0.000000
100.000000, 0.000000
100.000000, 0.000000
100.000000, 0.000000
100.000000, 0.000000
100.000000, 0.000000
100.000000, 0.000000
100.000000, 0.000000
100.000000, 0.000000
100.000000, 0.000000
100.000000, 0.000000
100.000000, 0.000000
100.000000, 0.000000
100.000000, 0.000000
100.000000, 0.000000
100.000000, 0.000000
100.000000, 0.000000
100.000000, 0.000000
100.000000, 0.000000
100.000000, 0.000000
100.000000, 0.000000
100.000000, 0.000000
100.000000, 0.000000
100.000000, 0.000000
100.000000, 0.000000
100.000000, 0.000000
100.000000, 0.000000
100.000000, 0.000000
100.000000, 0.000000
100.000000, 0.000000
100.000000, 0.000000
100.000000, 0.000000
100.000000, 0.000000
100.000000, 0.000000
100.000000, 0.000000
100.000000, 0.000000
100.000000, 0.000000
100.000000, 0.000000
100.000000, 0.000000
100.000000, 0.000000
100.000000, 0.000000
100.000000, 0.000000
100.000000, 0.000000
100.000000, 0.000000
100.000000, 0.000000
100.000000, 0.000000
100.000000, 0.000000
100.000000, 0.000000
100.000000, 0.000000
100.000000, 0.000000
100.000000, 0.000000
100.000000, 0.000000
100.000000, 0.000000
100.000000, 0.000000
100.000000, 0.000000
100.000000, 0.000000
100.000000, 0.000000
100.000000, 0.000000
100.000000, 0.000000
100.000000, 0.000000
100.000000, 0.000000
100.000000, 0.000000
100.000000, 0.000000
100.000000, 0.000000
100.000000, 0.000000
100.000000, 0.000000
100.000000, 0.000000
100.000000, 0.000000
100.000000, 0.000000
100.000000, 0.000000
100.000000, 0.000000
100.000000, 0.000000
100.000000, 0.000000
100.000000, 0.000000
100.000000, 0.000000
100.000000, 0.000000
100.000000, 0.000000
100.000000, 0.000000
100.000000, 0.000000
100.000000, 0.000000
100.000000, 0.000000
100.000000, 0.000000
100.000000, 0.000000
100.000000, 0.000000
100.000000, 0.000000
100.000000, 0.000000
100.000000, 0.000000
100.000000, 0.000000
100.000000, 0.000000
100.000000, 0.000000
100.000000, 0.000000
100.000000, 0.000000
100.000000, 0.000000
100.000000, 0.000000
100.000000, 0.000000
100.000000, 0.000000
100.000000, 0.000000
100.000000, 0.000000
100.000000, 0.000000
100.000000, 0.000000
100.000000, 0.000000
100.000000, 0.000000
100.000000, 0.000000
100.000000, 0.000000
100.000000, 0.000000
100.000000, 0.000000
100.000000, 0.000000
100.000000, 0.000000
100.000000, 0.000000
100.000000, 0.000000
100.000000, 0.000000
100.000000, 0.000000
100.000000, 0.000000
100.000000, 0.000000
100.000000, 0.000000
100.000000, 0.000000
100.000000, 0.000000
100.000000, 0.000000
100.000000, 0.000000
100.000000, 0.000000
100.000000, 0.000000
100.000000, 0.000000
100.000000, 0.000000
100.000000, 0.000000
100.000000, 0.000000
100.000000, 0.000000
100.000000, 0.000000
100.000000, 0.000000
100.000000, 0.000000
100.000000, 0.000000
100.000000, 0.000000
100.000000, 0.000000
100.000000, 0.000000
100.000000, 0.000000
100.000000, 0.000000
100.000000, 0.000000
100.000000, 0.000000
100.000000, 0.000000
100.000000, 0.000000
100.000000, 0.000000
100.000000, 0.000000
100.000000, 0.000000
100.000000, 0.000000
100.000000, 0.000000
100.000000, 0.000000
100.000000, 0.000000
100.000000, 0.000000
100.000000, 0.000000
100.000000, 0.000000
100.000000, 0.000000
100.000000, 0.000000
100.000000, 0.000000
100.000000, 0.000000
100.000000, 0.000000
100.000000, 0.000000
100.000000, 0.000000
100.000000, 0.000000
100.000000, 0.000000
100.000000, 0.000000
100.000000, 0.000000
100.000000, 0.000000
100.000000, 0.000000
100.000000, 0.000000
100.000000, 0.000000
100.000000, 0.000000
100.000000, 0.000000
100.000000, 0.000000
100.000000, 0.000000
100.000000, 0.000000
100.000000, 0.000000
100.000000, 0.000000
100.000000, 0.000000
100.000000, 0.000000
100.000000, 0.000000
100.000000, 0.000000
100.000000, 0.000000
100.000000, 0.000000
100.000000, 0.000000
100.000000, 0.000000
100.000000, 0.000000
100.000000, 0.000000
100.000000, 0.000000
100.000000, 0.000000
100.000000, 0.000000
100.000000, 0.000000
100.000000, 0.000000
100.000000, 0.000000
100.000000, 0.000000
100.000000, 0.000000
100.000000, 0.000000
100.000000, 0.000000
100.000000, 0.000000
100.000000, 0.000000
100.000000, 0.000000
100.000000, 0.000000
100.000000, 0.000000
100.000000, 0.000000
100.000000, 0.000000
100.000000, 0.000000
100.000000, 0.000000
100.000000, 0.000000
100.000000, 0.000000
100.000000, 0.000000
100.000000, 0.000000
100.000000, 0.000000
100.000000, 0.000000
100.000000, 0.000000
100.000000, 0.000000
100.000000, 0.000000
100.000000, 0.000000
100.000000, 0.000000
100.000000, 0.000000
100.000000, 0.000000
100.000000, 0.000000
100.000000, 0.000000
100.000000, 0.000000
100.000000, 0.000000
100.000000, 0.000000
100.000000, 0.000000
100.000000, 0.000000
100.000000, 0.000000
100.000000, 0.000000
100.000000, 0.000000
100.000000, 0.000000
100.000000, 0.000000
100.000000, 0.000000
100.000000, 0.000000
100.000000, 0.000000
100.000000, 0.000000
100.000000, 0.000000
100.000000, 0.000000
100.000000, 0.000000
100.000000, 0.000000
100.000000, 0.000000
100.000000, 0.000000
100.000000, 0.000000
100.000000, 0.000000
100.000000, 0.000000
100.000000, 0.000000
100.000000, 0.000000
100.000000, 0.000000
100.000000, 0.000000
100.000000, 0.000000
100.000000, 0.000000
100.000000, 0.000000
100.000000, 0.000000
100.000000, 0.000000
100.000000, 0.000000
100.000000, 0.000000
100.000000, 0.000000
100.000000, 0.000000
100.000000, 0.000000
100.000000, 0.000000
100.000000, 0.000000
100.000000, 0.000000
100.000000, 0.000000
100.000000, 0.000000
100.000000, 0.000000
100.000000, 0.000000
100.000000, 0.000000
100.000000, 0.000000
100.000000, 0.000000
100.000000, 0.000000
100.000000, 0.000000
100.000000, 0.000000
100.000000, 0.000000
100.000000, 0.000000
100.000000, 0.000000
100.000000, 0.000000
100.000000, 0.000000
100.000000, 0.000000
100.000000, 0.000000
100.000000, 0.000000
100.000000, 0.000000
100.000000, 0.000000
100.000000, 0.000000
100.000000, 0.000000
100.000000, 0.000000
100.000000, 0.000000
100.000000, 0.000000
100.000000, 0.000000
100.000000, 0.000000
100.000000, 0.000000
100.000000, 0.000000
100.000000, 0.000000
100.000000, 0.000000
100.000000, 0.000000
100.000000, 0.000000
100.000000, 0.000000
100.000000, 0.000000
100.000000, 0.000000
100.000000, 0.000000
100.000000, 0.000000
100.000000, 0.000000
100.000000, 0.000000
100.000000, 0.000000
100.000000, 0.000000
100.000000, 0.000000
100.000000, 0.000000
100.000000, 0.000000
100.000000, 0.000000
100.000000, 0.000000
100.000000, 0.000000
100.000000, 0.000000
100.000000, 0.000000
100.000000, 0.000000
100.000000, 0.000000
100.000000, 0.000000
100.000000, 0.000000
100.000000, 0.000000
100.000000, 0.000000
100.000000, 0.000000
100.000000, 0.000000
100.000000, 0.000000
100.000000, 0.000000
100.000000, 0.000000
100.000000, 0.000000
100.000000, 0.000000
100.000000, 0.000000
100.000000, 0.000000
100.000000, 0.000000
100.000000, 0.000000
100.000000, 0.000000
100.000000, 0.000000
100.000000, 0.000000
100.000000, 0.000000
100.000000, 0.000000
100.000000, 0.000000
100.000000, 0.000000
100.000000, 0.000000
100.000000, 0.000000
100.000000, 0.000000
100.000000, 0.000000
100.000000, 0.000000
100.000000, 0.000000
100.000000, 0.000000
100.000000, 0.000000
100.000000, 0.000000
100.000000, 0.000000
100.000000, 0.000000
100.000000, 0.000000
100.000000, 0.000000
100.000000, 0.000000
100.000000, 0.000000
100.000000, 0.000000
100.000000, 0.000000
100.000000, 0.000000
100.000000, 0.000000
100.000000, 0.000000
100.000000, 0.000000
100.000000, 0.000000
100.000000, 0.000000
100.000000, 0.000000
100.000000, 0.000000
100.000000, 0.000000
100.000000, 0.000000
100.000000, 0.000000
100.000000, 0.000000
100.000000, 0.000000
100.000000, 0.000000
100.000000, 0.000000
100.000000, 0.000000
100.000000, 0.000000
100.000000, 0.000000
100.000000, 0.000000
100.000000, 0.000000
100.000000, 0.000000
100.000000, 0.000000
100.000000, 0.000000
100.000000, 0.000000
100.000000, 0.000000
100.000000, 0.000000
100.000000, 0.000000
100.000000, 0.000000
100.000000, 0.000000
100.000000, 0.000000
100.000000, 0.000000
100.000000, 0.000000
100.000000, 0.000000
100.000000, 0.000000
100.000000, 0.000000
100.000000, 0.000000
100.000000, 0.000000
100.000000, 0.000000
100.000000, 0.000000
100.000000, 0.000000
100.000000, 0.000000
100.000000, 0.000000
100.000000, 0.000000
100.000000, 0.000000
100.000000, 0.000000
100.000000, 0.000000
100.000000, 0.000000
100.000000, 0.000000
100.000000, 0.000000
100.000000, 0.000000
100.000000, 0.000000
100.000000, 0.000000
100.000000, 0.000000
100.000000, 0.000000
100.000000, 0.000000
100.000000, 0.000000
100.000000, 0.000000
100.000000, 0.000000
100.000000, 0.000000
100.000000, 0.000000
100.000000, 0.000000
100.000000, 0.000000
100.000000, 0.000000
100.000000, 0.000000
100.000000, 0.000000
100.000000, 0.000000
100.000000, 0.000000
100.000000, 0.000000
100.000000, 0.000000
100.000000, 0.000000
100.000000, 0.000000
100.000000, 0.000000
100.000000, 0.000000
100.000000, 0.000000
100.000000, 0.000000
100.000000, 0.000000
100.000000, 0.000000
100.000000, 0.000000
100.000000, 0.000000
100.000000, 0.000000
100.000000, 0.000000
100.000000, 0.000000
100.000000, 0.000000
100.000000, 0.000000
100.000000, 0.000000
100.000000, 0.000000
100.000000, 0.000000
100.000000, 0.000000
100.000000, 0.000000
100.000000, 0.000000
100.000000, 0.000000
100.000000, 0.000000
100.000000, 0.000000
100.000000, 0.000000
100.000000, 0.000000
100.000000, 0.000000
100.000000, 0.000000
100.000000, 0.000000
100.000000, 0.000000
100.000000, 0.000000
100.000000, 0.000000
100.000000, 0.000000
100.000000, 0.000000
100.000000, 0.000000
100.000000, 0.000000
100.000000, 0.000000
100.000000, 0.000000
100.000000, 0.000000
100.000000, 0.000000
100.000000, 0.000000
100.000000, 0.000000
100.000000, 0.000000
100.000000, 0.000000
100.000000, 0.000000
100.000000, 0.000000
100.000000, 0.000000
100.000000, 0.000000
100.000000, 0.000000
100.000000, 0.000000
100.000000, 0.000000
100.000000, 0.000000
100.000000, 0.000000
100.000000, 0.000000
100.000000, 0.000000
100.000000, 0.000000
100.000000, 0.000000
100.000000, 0.000000
100.000000, 0.000000
100.000000, 0.000000
100.000000, 0.000000
100.000000, 0.000000
100.000000, 0.000000
100.000000, 0.000000
100.000000, 0.000000
100.000000, 0.000000
100.000000, 0.000000
100.000000, 0.000000
100.000000, 0.000000
100.000000, 0.000000
100.000000, 0.000000
100.000000, 0.000000
100.000000, 0.000000
100.000000, 0.000000
100.000000, 0.000000
100.000000, 0.000000
100.000000, 0.000000
100.000000, 0.000000
100.000000, 0.000000
100.000000, 0.000000
100.000000, 0.000000
100.000000, 0.000000
100.000000, 0.000000
100.000000, 0.000000
100.000000, 0.000000
100.000000, 0.000000
100.000000, 0.000000
100.000000, 0.000000
100.000000, 0.000000
100.000000, 0.000000
100.000000, 0.000000
100.000000, 0.000000
100.000000, 0.000000
100.000000, 0.000000
100.000000, 0.000000
100.000000, 0.000000
100.000000, 0.000000
100.000000, 0.000000
100.000000, 0.000000
100.000000, 0.000000
100.000000, 0.000000
100.000000, 0.000000
100.000000, 0.000000
100.000000, 0.000000
100.000000, 0.000000
100.000000, 0.000000
100.000000, 0.000000
100.000000, 0.000000
100.000000, 0.000000
100.000000, 0.000000
100.000000, 0.000000
100.000000, 0.000000
100.000000, 0.000000
100.000000, 0.000000
100.000000, 0.000000
100.000000, 0.000000
100.000000, 0.000000
100.000000, 0.000000
100.000000, 0.000000
100.000000, 0.000000
100.000000, 0.000000
100.000000, 0.000000
100.000000, 0.000000
100.000000, 0.000000
100.000000, 0.000000
100.000000, 0.000000
100.000000, 0.000000
100.000000, 0.000000
100.000000, 0.000000
##END=
