##TITLE= Parameter file, TopSpin 3.8.0
##JCAMPDX= 5.0
##DATATYPE= Parameter Values
##ORIGIN= Bruker BioSpin GmbH
##OWNER= syh39
$$ 2026-07-15 12:13:34.828 +0100  syh39@glengrant
$$ C:/Bruker/cam-ts3/wave/s_automation
$$ process C:\Bruker\TopSpin3.8.0\prog\mod\xwinshape.exe
##MINX= 0.00000000
##MAXX= 99.91206100
##MINY= 0.08262000
##MAXY= 359.85762000
##$SHAPE_ADDPHASE= 0
##$SHAPE_AMP= 99.91206129
##$SHAPE_BWFAC= 0
##$SHAPE_BWFAC50= 0
##$SHAPE_CALCBW= yes
##$SHAPE_CALCINTEG= yes
##$SHAPE_EXMODE= <Universal>
##$SHAPE_EXPAND= <>
##$SHAPE_EXPANDCF= (0..143)
0 0 0 0 0 0 0 0 0 0 0 0 0 0 0 0 0 0 0 0 0 0 0 0 0 0 0 0 0 0 0 0 0 0 0 0
0 0 0 0 0 0 0 0 0 0 0 0 0 0 0 0 0 0 0 0 0 0 0 0 0 0 0 0 0 0 0 0 0 0 0 0
0 0 0 0 0 0 0 0 0 0 0 0 0 0 0 0 0 0 0 0 0 0 0 0 0 0 0 0 0 0 0 0 0 0 0 0
0 0 0 0 0 0 0 0 0 0 0 0 0 0 0 0 0 0 0 0 0 0 0 0 0 0 0 0 0 0 0 0 0 0 0 0
##$SHAPE_EXPFAC= 0
##$SHAPE_FRACEND= 0
##$SHAPE_FRACORG= 0
##$SHAPE_FRACSTART= 0
##$SHAPE_INTEGFAC= 0
##$SHAPE_KEEPRES= yes
##$SHAPE_LENGTH= 20000
##$SHAPE_MAN= <M>
##$SHAPE_MODE= 2
##$SHAPE_MODFREQ= 0
##$SHAPE_MODPHASE= 0
##$SHAPE_MODSCALE= 0
##$SHAPE_MODSW= 0
##$SHAPE_MODSWDIR= -1
##$SHAPE_NPOINTS= 1000
##$SHAPE_OFFS= <0 2>
##$SHAPE_OFFSCOEFF= (0..95)
0 0 100 -879.9 0 100 0 0 0 0 0 0 0 0 0 0 0 0 0 0 0 0 0 0 0 0 0 0 0 0 0
0 0 0 0 0 0 0 0 0 0 0 0 0 0 0 0 0 0 0 0 0 0 0 0 0 0 0 0 0 0 0 0 0 0 0 0
0 0 0 0 0 0 0 0 0 0 0 0 0 0 0 0 0 0 0 0 0 0 0 0 0 0 0 0 0
##$SHAPE_PARAMETER= <>
##$SHAPE_REPHFAC= 0
##$SHAPE_RES= 0
##$SHAPE_SCALEFAC= 1.00088016
##$SHAPE_SCALETYPE= 0
##$SHAPE_SPOAL= 0
##$SHAPE_SPOFFS= 0
##$SHAPE_SPOPH= 0
##$SHAPE_TOTROT= 90
##$SHAPE_TYPE= <Excitation>
##$SHAPE_USER_DEF= 0
##$SHAPE_VERSION= 2.1
##$SHL_ADDPHASE= (0..15)
0 0 0 0 0 0 0 0 0 0 0 0 0 0 0 0
##$SHL_ALIGNOFFSET= (0..15)
0 0 0 0 0 0 0 0 0 0 0 0 0 0 0 0
##$SHL_AMP= (0..15)
100 0 0 0 0 0 0 0 0 0 0 0 0 0 0 0
##$SHL_AMPFAC= (0..15)
0 0 0 0 0 0 0 0 0 0 0 0 0 0 0 0
##$SHL_BETA= (0..15)
0 0 0 0 0 0 0 0 0 0 0 0 0 0 0 0
##$SHL_BWFAC= (0..15)
1.606 0 0 0 0 0 0 0 0 0 0 0 0 0 0 0
##$SHL_CALCBW= (0..15)
yes yes yes yes yes yes yes yes yes yes yes yes yes yes yes yes
##$SHL_CALCINTEG= (0..15)
yes yes yes yes yes yes yes yes yes yes yes yes yes yes yes yes
##$SHL_CENTERAMP= (0..15)
0 0 0 0 0 0 0 0 0 0 0 0 0 0 0 0
##$SHL_CYCNUM= (0..15)
1 0 0 0 0 0 0 0 0 0 0 0 0 0 0 0
##$SHL_DIPOLCPL= (0..15)
0 0 0 0 0 0 0 0 0 0 0 0 0 0 0 0
##$SHL_ENDAMP= (0..15)
0 0 0 0 0 0 0 0 0 0 0 0 0 0 0 0
##$SHL_EXMODE= (0..15)
<Universal> <> <> <> <> <> <> <> <> <> <> <> <> <> <> <>
##$SHL_EXPAND= (0..15)
<> <> <> <> <> <> <> <> <> <> <> <> <> <> <> <>
##$SHL_EXPANDCF0= (0..143)
0 0 0 0 0 0 0 0 0 0 0 0 0 0 0 0 0 0 0 0 0 0 0 0 0 0 0 0 0 0 0 0 0 0 0 0
0 0 0 0 0 0 0 0 0 0 0 0 0 0 0 0 0 0 0 0 0 0 0 0 0 0 0 0 0 0 0 0 0 0 0 0
0 0 0 0 0 0 0 0 0 0 0 0 0 0 0 0 0 0 0 0 0 0 0 0 0 0 0 0 0 0 0 0 0 0 0 0
0 0 0 0 0 0 0 0 0 0 0 0 0 0 0 0 0 0 0 0 0 0 0 0 0 0 0 0 0 0 0 0 0 0 0 0
##$SHL_EXPANDCF1= (0..143)
0 0 0 0 0 0 0 0 0 0 0 0 0 0 0 0 0 0 0 0 0 0 0 0 0 0 0 0 0 0 0 0 0 0 0 0
0 0 0 0 0 0 0 0 0 0 0 0 0 0 0 0 0 0 0 0 0 0 0 0 0 0 0 0 0 0 0 0 0 0 0 0
0 0 0 0 0 0 0 0 0 0 0 0 0 0 0 0 0 0 0 0 0 0 0 0 0 0 0 0 0 0 0 0 0 0 0 0
0 0 0 0 0 0 0 0 0 0 0 0 0 0 0 0 0 0 0 0 0 0 0 0 0 0 0 0 0 0 0 0 0 0 0 0
##$SHL_EXPANDCF10= (0..143)
0 0 0 0 0 0 0 0 0 0 0 0 0 0 0 0 0 0 0 0 0 0 0 0 0 0 0 0 0 0 0 0 0 0 0 0
0 0 0 0 0 0 0 0 0 0 0 0 0 0 0 0 0 0 0 0 0 0 0 0 0 0 0 0 0 0 0 0 0 0 0 0
0 0 0 0 0 0 0 0 0 0 0 0 0 0 0 0 0 0 0 0 0 0 0 0 0 0 0 0 0 0 0 0 0 0 0 0
0 0 0 0 0 0 0 0 0 0 0 0 0 0 0 0 0 0 0 0 0 0 0 0 0 0 0 0 0 0 0 0 0 0 0 0
##$SHL_EXPANDCF11= (0..143)
0 0 0 0 0 0 0 0 0 0 0 0 0 0 0 0 0 0 0 0 0 0 0 0 0 0 0 0 0 0 0 0 0 0 0 0
0 0 0 0 0 0 0 0 0 0 0 0 0 0 0 0 0 0 0 0 0 0 0 0 0 0 0 0 0 0 0 0 0 0 0 0
0 0 0 0 0 0 0 0 0 0 0 0 0 0 0 0 0 0 0 0 0 0 0 0 0 0 0 0 0 0 0 0 0 0 0 0
0 0 0 0 0 0 0 0 0 0 0 0 0 0 0 0 0 0 0 0 0 0 0 0 0 0 0 0 0 0 0 0 0 0 0 0
##$SHL_EXPANDCF12= (0..143)
0 0 0 0 0 0 0 0 0 0 0 0 0 0 0 0 0 0 0 0 0 0 0 0 0 0 0 0 0 0 0 0 0 0 0 0
0 0 0 0 0 0 0 0 0 0 0 0 0 0 0 0 0 0 0 0 0 0 0 0 0 0 0 0 0 0 0 0 0 0 0 0
0 0 0 0 0 0 0 0 0 0 0 0 0 0 0 0 0 0 0 0 0 0 0 0 0 0 0 0 0 0 0 0 0 0 0 0
0 0 0 0 0 0 0 0 0 0 0 0 0 0 0 0 0 0 0 0 0 0 0 0 0 0 0 0 0 0 0 0 0 0 0 0
##$SHL_EXPANDCF13= (0..143)
0 0 0 0 0 0 0 0 0 0 0 0 0 0 0 0 0 0 0 0 0 0 0 0 0 0 0 0 0 0 0 0 0 0 0 0
0 0 0 0 0 0 0 0 0 0 0 0 0 0 0 0 0 0 0 0 0 0 0 0 0 0 0 0 0 0 0 0 0 0 0 0
0 0 0 0 0 0 0 0 0 0 0 0 0 0 0 0 0 0 0 0 0 0 0 0 0 0 0 0 0 0 0 0 0 0 0 0
0 0 0 0 0 0 0 0 0 0 0 0 0 0 0 0 0 0 0 0 0 0 0 0 0 0 0 0 0 0 0 0 0 0 0 0
##$SHL_EXPANDCF14= (0..143)
0 0 0 0 0 0 0 0 0 0 0 0 0 0 0 0 0 0 0 0 0 0 0 0 0 0 0 0 0 0 0 0 0 0 0 0
0 0 0 0 0 0 0 0 0 0 0 0 0 0 0 0 0 0 0 0 0 0 0 0 0 0 0 0 0 0 0 0 0 0 0 0
0 0 0 0 0 0 0 0 0 0 0 0 0 0 0 0 0 0 0 0 0 0 0 0 0 0 0 0 0 0 0 0 0 0 0 0
0 0 0 0 0 0 0 0 0 0 0 0 0 0 0 0 0 0 0 0 0 0 0 0 0 0 0 0 0 0 0 0 0 0 0 0
##$SHL_EXPANDCF15= (0..143)
0 0 0 0 0 0 0 0 0 0 0 0 0 0 0 0 0 0 0 0 0 0 0 0 0 0 0 0 0 0 0 0 0 0 0 0
0 0 0 0 0 0 0 0 0 0 0 0 0 0 0 0 0 0 0 0 0 0 0 0 0 0 0 0 0 0 0 0 0 0 0 0
0 0 0 0 0 0 0 0 0 0 0 0 0 0 0 0 0 0 0 0 0 0 0 0 0 0 0 0 0 0 0 0 0 0 0 0
0 0 0 0 0 0 0 0 0 0 0 0 0 0 0 0 0 0 0 0 0 0 0 0 0 0 0 0 0 0 0 0 0 0 0 0
##$SHL_EXPANDCF2= (0..143)
0 0 0 0 0 0 0 0 0 0 0 0 0 0 0 0 0 0 0 0 0 0 0 0 0 0 0 0 0 0 0 0 0 0 0 0
0 0 0 0 0 0 0 0 0 0 0 0 0 0 0 0 0 0 0 0 0 0 0 0 0 0 0 0 0 0 0 0 0 0 0 0
0 0 0 0 0 0 0 0 0 0 0 0 0 0 0 0 0 0 0 0 0 0 0 0 0 0 0 0 0 0 0 0 0 0 0 0
0 0 0 0 0 0 0 0 0 0 0 0 0 0 0 0 0 0 0 0 0 0 0 0 0 0 0 0 0 0 0 0 0 0 0 0
##$SHL_EXPANDCF3= (0..143)
0 0 0 0 0 0 0 0 0 0 0 0 0 0 0 0 0 0 0 0 0 0 0 0 0 0 0 0 0 0 0 0 0 0 0 0
0 0 0 0 0 0 0 0 0 0 0 0 0 0 0 0 0 0 0 0 0 0 0 0 0 0 0 0 0 0 0 0 0 0 0 0
0 0 0 0 0 0 0 0 0 0 0 0 0 0 0 0 0 0 0 0 0 0 0 0 0 0 0 0 0 0 0 0 0 0 0 0
0 0 0 0 0 0 0 0 0 0 0 0 0 0 0 0 0 0 0 0 0 0 0 0 0 0 0 0 0 0 0 0 0 0 0 0
##$SHL_EXPANDCF4= (0..143)
0 0 0 0 0 0 0 0 0 0 0 0 0 0 0 0 0 0 0 0 0 0 0 0 0 0 0 0 0 0 0 0 0 0 0 0
0 0 0 0 0 0 0 0 0 0 0 0 0 0 0 0 0 0 0 0 0 0 0 0 0 0 0 0 0 0 0 0 0 0 0 0
0 0 0 0 0 0 0 0 0 0 0 0 0 0 0 0 0 0 0 0 0 0 0 0 0 0 0 0 0 0 0 0 0 0 0 0
0 0 0 0 0 0 0 0 0 0 0 0 0 0 0 0 0 0 0 0 0 0 0 0 0 0 0 0 0 0 0 0 0 0 0 0
##$SHL_EXPANDCF5= (0..143)
0 0 0 0 0 0 0 0 0 0 0 0 0 0 0 0 0 0 0 0 0 0 0 0 0 0 0 0 0 0 0 0 0 0 0 0
0 0 0 0 0 0 0 0 0 0 0 0 0 0 0 0 0 0 0 0 0 0 0 0 0 0 0 0 0 0 0 0 0 0 0 0
0 0 0 0 0 0 0 0 0 0 0 0 0 0 0 0 0 0 0 0 0 0 0 0 0 0 0 0 0 0 0 0 0 0 0 0
0 0 0 0 0 0 0 0 0 0 0 0 0 0 0 0 0 0 0 0 0 0 0 0 0 0 0 0 0 0 0 0 0 0 0 0
##$SHL_EXPANDCF6= (0..143)
0 0 0 0 0 0 0 0 0 0 0 0 0 0 0 0 0 0 0 0 0 0 0 0 0 0 0 0 0 0 0 0 0 0 0 0
0 0 0 0 0 0 0 0 0 0 0 0 0 0 0 0 0 0 0 0 0 0 0 0 0 0 0 0 0 0 0 0 0 0 0 0
0 0 0 0 0 0 0 0 0 0 0 0 0 0 0 0 0 0 0 0 0 0 0 0 0 0 0 0 0 0 0 0 0 0 0 0
0 0 0 0 0 0 0 0 0 0 0 0 0 0 0 0 0 0 0 0 0 0 0 0 0 0 0 0 0 0 0 0 0 0 0 0
##$SHL_EXPANDCF7= (0..143)
0 0 0 0 0 0 0 0 0 0 0 0 0 0 0 0 0 0 0 0 0 0 0 0 0 0 0 0 0 0 0 0 0 0 0 0
0 0 0 0 0 0 0 0 0 0 0 0 0 0 0 0 0 0 0 0 0 0 0 0 0 0 0 0 0 0 0 0 0 0 0 0
0 0 0 0 0 0 0 0 0 0 0 0 0 0 0 0 0 0 0 0 0 0 0 0 0 0 0 0 0 0 0 0 0 0 0 0
0 0 0 0 0 0 0 0 0 0 0 0 0 0 0 0 0 0 0 0 0 0 0 0 0 0 0 0 0 0 0 0 0 0 0 0
##$SHL_EXPANDCF8= (0..143)
0 0 0 0 0 0 0 0 0 0 0 0 0 0 0 0 0 0 0 0 0 0 0 0 0 0 0 0 0 0 0 0 0 0 0 0
0 0 0 0 0 0 0 0 0 0 0 0 0 0 0 0 0 0 0 0 0 0 0 0 0 0 0 0 0 0 0 0 0 0 0 0
0 0 0 0 0 0 0 0 0 0 0 0 0 0 0 0 0 0 0 0 0 0 0 0 0 0 0 0 0 0 0 0 0 0 0 0
0 0 0 0 0 0 0 0 0 0 0 0 0 0 0 0 0 0 0 0 0 0 0 0 0 0 0 0 0 0 0 0 0 0 0 0
##$SHL_EXPANDCF9= (0..143)
0 0 0 0 0 0 0 0 0 0 0 0 0 0 0 0 0 0 0 0 0 0 0 0 0 0 0 0 0 0 0 0 0 0 0 0
0 0 0 0 0 0 0 0 0 0 0 0 0 0 0 0 0 0 0 0 0 0 0 0 0 0 0 0 0 0 0 0 0 0 0 0
0 0 0 0 0 0 0 0 0 0 0 0 0 0 0 0 0 0 0 0 0 0 0 0 0 0 0 0 0 0 0 0 0 0 0 0
0 0 0 0 0 0 0 0 0 0 0 0 0 0 0 0 0 0 0 0 0 0 0 0 0 0 0 0 0 0 0 0 0 0 0 0
##$SHL_EXPFAC= (0..15)
0 0 0 0 0 0 0 0 0 0 0 0 0 0 0 0
##$SHL_FRACEND= (0..15)
0 0 0 0 0 0 0 0 0 0 0 0 0 0 0 0
##$SHL_FRACORG= (0..15)
0 0 0 0 0 0 0 0 0 0 0 0 0 0 0 0
##$SHL_FRACSTART= (0..15)
0 0 0 0 0 0 0 0 0 0 0 0 0 0 0 0
##$SHL_FULLHALF= (0..15)
0 0 0 0 0 0 0 0 0 0 0 0 0 0 0 0
##$SHL_FUNCAMP= (0..15)
0 0 0 0 0 0 0 0 0 0 0 0 0 0 0 0
##$SHL_FUNCTION= (0..15)
<Sinc> <> <> <> <> <> <> <> <> <> <> <> <> <> <> <>
##$SHL_GCO= (0..15)
<> <> <> <> <> <> <> <> <> <> <> <> <> <> <> <>
##$SHL_GCOCOEFFS0= (0..59)
0 0 0 0 0 0 0 0 0 0 0 0 0 0 0 0 0 0 0 0 0 0 0 0 0 0 0 0 0 0 0 0 0 0 0 0
0 0 0 0 0 0 0 0 0 0 0 0 0 0 0 0 0 0 0 0 0 0 0 0
##$SHL_GCOCOEFFS1= (0..59)
0 0 0 0 0 0 0 0 0 0 0 0 0 0 0 0 0 0 0 0 0 0 0 0 0 0 0 0 0 0 0 0 0 0 0 0
0 0 0 0 0 0 0 0 0 0 0 0 0 0 0 0 0 0 0 0 0 0 0 0
##$SHL_GCOCOEFFS10= (0..59)
0 0 0 0 0 0 0 0 0 0 0 0 0 0 0 0 0 0 0 0 0 0 0 0 0 0 0 0 0 0 0 0 0 0 0 0
0 0 0 0 0 0 0 0 0 0 0 0 0 0 0 0 0 0 0 0 0 0 0 0
##$SHL_GCOCOEFFS11= (0..59)
0 0 0 0 0 0 0 0 0 0 0 0 0 0 0 0 0 0 0 0 0 0 0 0 0 0 0 0 0 0 0 0 0 0 0 0
0 0 0 0 0 0 0 0 0 0 0 0 0 0 0 0 0 0 0 0 0 0 0 0
##$SHL_GCOCOEFFS12= (0..59)
0 0 0 0 0 0 0 0 0 0 0 0 0 0 0 0 0 0 0 0 0 0 0 0 0 0 0 0 0 0 0 0 0 0 0 0
0 0 0 0 0 0 0 0 0 0 0 0 0 0 0 0 0 0 0 0 0 0 0 0
##$SHL_GCOCOEFFS13= (0..59)
0 0 0 0 0 0 0 0 0 0 0 0 0 0 0 0 0 0 0 0 0 0 0 0 0 0 0 0 0 0 0 0 0 0 0 0
0 0 0 0 0 0 0 0 0 0 0 0 0 0 0 0 0 0 0 0 0 0 0 0
##$SHL_GCOCOEFFS14= (0..59)
0 0 0 0 0 0 0 0 0 0 0 0 0 0 0 0 0 0 0 0 0 0 0 0 0 0 0 0 0 0 0 0 0 0 0 0
0 0 0 0 0 0 0 0 0 0 0 0 0 0 0 0 0 0 0 0 0 0 0 0
##$SHL_GCOCOEFFS15= (0..59)
0 0 0 0 0 0 0 0 0 0 0 0 0 0 0 0 0 0 0 0 0 0 0 0 0 0 0 0 0 0 0 0 0 0 0 0
0 0 0 0 0 0 0 0 0 0 0 0 0 0 0 0 0 0 0 0 0 0 0 0
##$SHL_GCOCOEFFS2= (0..59)
0 0 0 0 0 0 0 0 0 0 0 0 0 0 0 0 0 0 0 0 0 0 0 0 0 0 0 0 0 0 0 0 0 0 0 0
0 0 0 0 0 0 0 0 0 0 0 0 0 0 0 0 0 0 0 0 0 0 0 0
##$SHL_GCOCOEFFS3= (0..59)
0 0 0 0 0 0 0 0 0 0 0 0 0 0 0 0 0 0 0 0 0 0 0 0 0 0 0 0 0 0 0 0 0 0 0 0
0 0 0 0 0 0 0 0 0 0 0 0 0 0 0 0 0 0 0 0 0 0 0 0
##$SHL_GCOCOEFFS4= (0..59)
0 0 0 0 0 0 0 0 0 0 0 0 0 0 0 0 0 0 0 0 0 0 0 0 0 0 0 0 0 0 0 0 0 0 0 0
0 0 0 0 0 0 0 0 0 0 0 0 0 0 0 0 0 0 0 0 0 0 0 0
##$SHL_GCOCOEFFS5= (0..59)
0 0 0 0 0 0 0 0 0 0 0 0 0 0 0 0 0 0 0 0 0 0 0 0 0 0 0 0 0 0 0 0 0 0 0 0
0 0 0 0 0 0 0 0 0 0 0 0 0 0 0 0 0 0 0 0 0 0 0 0
##$SHL_GCOCOEFFS6= (0..59)
0 0 0 0 0 0 0 0 0 0 0 0 0 0 0 0 0 0 0 0 0 0 0 0 0 0 0 0 0 0 0 0 0 0 0 0
0 0 0 0 0 0 0 0 0 0 0 0 0 0 0 0 0 0 0 0 0 0 0 0
##$SHL_GCOCOEFFS7= (0..59)
0 0 0 0 0 0 0 0 0 0 0 0 0 0 0 0 0 0 0 0 0 0 0 0 0 0 0 0 0 0 0 0 0 0 0 0
0 0 0 0 0 0 0 0 0 0 0 0 0 0 0 0 0 0 0 0 0 0 0 0
##$SHL_GCOCOEFFS8= (0..59)
0 0 0 0 0 0 0 0 0 0 0 0 0 0 0 0 0 0 0 0 0 0 0 0 0 0 0 0 0 0 0 0 0 0 0 0
0 0 0 0 0 0 0 0 0 0 0 0 0 0 0 0 0 0 0 0 0 0 0 0
##$SHL_GCOCOEFFS9= (0..59)
0 0 0 0 0 0 0 0 0 0 0 0 0 0 0 0 0 0 0 0 0 0 0 0 0 0 0 0 0 0 0 0 0 0 0 0
0 0 0 0 0 0 0 0 0 0 0 0 0 0 0 0 0 0 0 0 0 0 0 0
##$SHL_INTEGFAC= (0..15)
0.58890102 0 0 0 0 0 0 0 0 0 0 0 0 0 0 0
##$SHL_LB= (0..15)
0 0 0 0 0 0 0 0 0 0 0 0 0 0 0 0
##$SHL_LEFTLIMIT= (0..15)
0 0 0 0 0 0 0 0 0 0 0 0 0 0 0 0
##$SHL_LENGTH= (0..15)
20000 0 0 0 0 0 0 0 0 0 0 0 0 0 0 0
##$SHL_MAN= (0..15)
<> <> <> <> <> <> <> <> <> <> <> <> <> <> <> <>
##$SHL_MEANAMP= (0..15)
0 0 0 0 0 0 0 0 0 0 0 0 0 0 0 0
##$SHL_MODAMP= (0..15)
0 0 0 0 0 0 0 0 0 0 0 0 0 0 0 0
##$SHL_MODE= (0..15)
0 0 0 0 0 0 0 0 0 0 0 0 0 0 0 0
##$SHL_MODFREQ= (0..15)
0 0 0 0 0 0 0 0 0 0 0 0 0 0 0 0
##$SHL_MODPHASE= (0..15)
0 0 0 0 0 0 0 0 0 0 0 0 0 0 0 0
##$SHL_MODSCALE= (0..15)
0 0 0 0 0 0 0 0 0 0 0 0 0 0 0 0
##$SHL_MODSW= (0..15)
0 0 0 0 0 0 0 0 0 0 0 0 0 0 0 0
##$SHL_MODSWDIR= (0..15)
-1 -1 -1 -1 -1 -1 -1 -1 -1 -1 -1 -1 -1 -1 -1 -1
##$SHL_MU= (0..15)
0 0 0 0 0 0 0 0 0 0 0 0 0 0 0 0
##$SHL_NPOINTS= (0..15)
1000 0 0 0 0 0 0 0 0 0 0 0 0 0 0 0
##$SHL_OFFS= (0..15)
<> <> <> <> <> <> <> <> <> <> <> <> <> <> <> <>
##$SHL_OFFSCOEFF0= (0..95)
0 0 0 0 0 0 0 0 0 0 0 0 0 0 0 0 0 0 0 0 0 0 0 0 0 0 0 0 0 0 0 0 0 0 0 0
0 0 0 0 0 0 0 0 0 0 0 0 0 0 0 0 0 0 0 0 0 0 0 0 0 0 0 0 0 0 0 0 0 0 0 0
0 0 0 0 0 0 0 0 0 0 0 0 0 0 0 0 0 0 0 0 0 0 0 0
##$SHL_OFFSCOEFF1= (0..95)
0 0 0 0 0 0 0 0 0 0 0 0 0 0 0 0 0 0 0 0 0 0 0 0 0 0 0 0 0 0 0 0 0 0 0 0
0 0 0 0 0 0 0 0 0 0 0 0 0 0 0 0 0 0 0 0 0 0 0 0 0 0 0 0 0 0 0 0 0 0 0 0
0 0 0 0 0 0 0 0 0 0 0 0 0 0 0 0 0 0 0 0 0 0 0 0
##$SHL_OFFSCOEFF10= (0..95)
0 0 0 0 0 0 0 0 0 0 0 0 0 0 0 0 0 0 0 0 0 0 0 0 0 0 0 0 0 0 0 0 0 0 0 0
0 0 0 0 0 0 0 0 0 0 0 0 0 0 0 0 0 0 0 0 0 0 0 0 0 0 0 0 0 0 0 0 0 0 0 0
0 0 0 0 0 0 0 0 0 0 0 0 0 0 0 0 0 0 0 0 0 0 0 0
##$SHL_OFFSCOEFF11= (0..95)
0 0 0 0 0 0 0 0 0 0 0 0 0 0 0 0 0 0 0 0 0 0 0 0 0 0 0 0 0 0 0 0 0 0 0 0
0 0 0 0 0 0 0 0 0 0 0 0 0 0 0 0 0 0 0 0 0 0 0 0 0 0 0 0 0 0 0 0 0 0 0 0
0 0 0 0 0 0 0 0 0 0 0 0 0 0 0 0 0 0 0 0 0 0 0 0
##$SHL_OFFSCOEFF12= (0..95)
0 0 0 0 0 0 0 0 0 0 0 0 0 0 0 0 0 0 0 0 0 0 0 0 0 0 0 0 0 0 0 0 0 0 0 0
0 0 0 0 0 0 0 0 0 0 0 0 0 0 0 0 0 0 0 0 0 0 0 0 0 0 0 0 0 0 0 0 0 0 0 0
0 0 0 0 0 0 0 0 0 0 0 0 0 0 0 0 0 0 0 0 0 0 0 0
##$SHL_OFFSCOEFF13= (0..95)
0 0 0 0 0 0 0 0 0 0 0 0 0 0 0 0 0 0 0 0 0 0 0 0 0 0 0 0 0 0 0 0 0 0 0 0
0 0 0 0 0 0 0 0 0 0 0 0 0 0 0 0 0 0 0 0 0 0 0 0 0 0 0 0 0 0 0 0 0 0 0 0
0 0 0 0 0 0 0 0 0 0 0 0 0 0 0 0 0 0 0 0 0 0 0 0
##$SHL_OFFSCOEFF14= (0..95)
0 0 0 0 0 0 0 0 0 0 0 0 0 0 0 0 0 0 0 0 0 0 0 0 0 0 0 0 0 0 0 0 0 0 0 0
0 0 0 0 0 0 0 0 0 0 0 0 0 0 0 0 0 0 0 0 0 0 0 0 0 0 0 0 0 0 0 0 0 0 0 0
0 0 0 0 0 0 0 0 0 0 0 0 0 0 0 0 0 0 0 0 0 0 0 0
##$SHL_OFFSCOEFF15= (0..95)
0 0 0 0 0 0 0 0 0 0 0 0 0 0 0 0 0 0 0 0 0 0 0 0 0 0 0 0 0 0 0 0 0 0 0 0
0 0 0 0 0 0 0 0 0 0 0 0 0 0 0 0 0 0 0 0 0 0 0 0 0 0 0 0 0 0 0 0 0 0 0 0
0 0 0 0 0 0 0 0 0 0 0 0 0 0 0 0 0 0 0 0 0 0 0 0
##$SHL_OFFSCOEFF2= (0..95)
0 0 0 0 0 0 0 0 0 0 0 0 0 0 0 0 0 0 0 0 0 0 0 0 0 0 0 0 0 0 0 0 0 0 0 0
0 0 0 0 0 0 0 0 0 0 0 0 0 0 0 0 0 0 0 0 0 0 0 0 0 0 0 0 0 0 0 0 0 0 0 0
0 0 0 0 0 0 0 0 0 0 0 0 0 0 0 0 0 0 0 0 0 0 0 0
##$SHL_OFFSCOEFF3= (0..95)
0 0 0 0 0 0 0 0 0 0 0 0 0 0 0 0 0 0 0 0 0 0 0 0 0 0 0 0 0 0 0 0 0 0 0 0
0 0 0 0 0 0 0 0 0 0 0 0 0 0 0 0 0 0 0 0 0 0 0 0 0 0 0 0 0 0 0 0 0 0 0 0
0 0 0 0 0 0 0 0 0 0 0 0 0 0 0 0 0 0 0 0 0 0 0 0
##$SHL_OFFSCOEFF4= (0..95)
0 0 0 0 0 0 0 0 0 0 0 0 0 0 0 0 0 0 0 0 0 0 0 0 0 0 0 0 0 0 0 0 0 0 0 0
0 0 0 0 0 0 0 0 0 0 0 0 0 0 0 0 0 0 0 0 0 0 0 0 0 0 0 0 0 0 0 0 0 0 0 0
0 0 0 0 0 0 0 0 0 0 0 0 0 0 0 0 0 0 0 0 0 0 0 0
##$SHL_OFFSCOEFF5= (0..95)
0 0 0 0 0 0 0 0 0 0 0 0 0 0 0 0 0 0 0 0 0 0 0 0 0 0 0 0 0 0 0 0 0 0 0 0
0 0 0 0 0 0 0 0 0 0 0 0 0 0 0 0 0 0 0 0 0 0 0 0 0 0 0 0 0 0 0 0 0 0 0 0
0 0 0 0 0 0 0 0 0 0 0 0 0 0 0 0 0 0 0 0 0 0 0 0
##$SHL_OFFSCOEFF6= (0..95)
0 0 0 0 0 0 0 0 0 0 0 0 0 0 0 0 0 0 0 0 0 0 0 0 0 0 0 0 0 0 0 0 0 0 0 0
0 0 0 0 0 0 0 0 0 0 0 0 0 0 0 0 0 0 0 0 0 0 0 0 0 0 0 0 0 0 0 0 0 0 0 0
0 0 0 0 0 0 0 0 0 0 0 0 0 0 0 0 0 0 0 0 0 0 0 0
##$SHL_OFFSCOEFF7= (0..95)
0 0 0 0 0 0 0 0 0 0 0 0 0 0 0 0 0 0 0 0 0 0 0 0 0 0 0 0 0 0 0 0 0 0 0 0
0 0 0 0 0 0 0 0 0 0 0 0 0 0 0 0 0 0 0 0 0 0 0 0 0 0 0 0 0 0 0 0 0 0 0 0
0 0 0 0 0 0 0 0 0 0 0 0 0 0 0 0 0 0 0 0 0 0 0 0
##$SHL_OFFSCOEFF8= (0..95)
0 0 0 0 0 0 0 0 0 0 0 0 0 0 0 0 0 0 0 0 0 0 0 0 0 0 0 0 0 0 0 0 0 0 0 0
0 0 0 0 0 0 0 0 0 0 0 0 0 0 0 0 0 0 0 0 0 0 0 0 0 0 0 0 0 0 0 0 0 0 0 0
0 0 0 0 0 0 0 0 0 0 0 0 0 0 0 0 0 0 0 0 0 0 0 0
##$SHL_OFFSCOEFF9= (0..95)
0 0 0 0 0 0 0 0 0 0 0 0 0 0 0 0 0 0 0 0 0 0 0 0 0 0 0 0 0 0 0 0 0 0 0 0
0 0 0 0 0 0 0 0 0 0 0 0 0 0 0 0 0 0 0 0 0 0 0 0 0 0 0 0 0 0 0 0 0 0 0 0
0 0 0 0 0 0 0 0 0 0 0 0 0 0 0 0 0 0 0 0 0 0 0 0
##$SHL_PHASE= (0..15)
0 0 0 0 0 0 0 0 0 0 0 0 0 0 0 0
##$SHL_PHASEFAC= (0..15)
0 0 0 0 0 0 0 0 0 0 0 0 0 0 0 0
##$SHL_POWERINDEX= (0..15)
0 0 0 0 0 0 0 0 0 0 0 0 0 0 0 0
##$SHL_QUADCOEFF= (0..15)
0 0 0 0 0 0 0 0 0 0 0 0 0 0 0 0
##$SHL_RIGHTLIMIT= (0..15)
0 0 0 0 0 0 0 0 0 0 0 0 0 0 0 0
##$SHL_SCALEFACTOR= (0..15)
1 1 1 1 1 1 1 1 1 1 1 1 1 1 1 1
##$SHL_SF= (0..15)
<> <> <> <> <> <> <> <> <> <> <> <> <> <> <> <>
##$SHL_SFCOEFFS0= (0..200)
0 0 0 0 0 0 0 0 0 0 0 0 0 0 0 0 0 0 0 0 0 0 0 0 0 0 0 0 0 0 0 0 0 0 0 0
0 0 0 0 0 0 0 0 0 0 0 0 0 0 0 0 0 0 0 0 0 0 0 0 0 0 0 0 0 0 0 0 0 0 0 0
0 0 0 0 0 0 0 0 0 0 0 0 0 0 0 0 0 0 0 0 0 0 0 0 0 0 0 0 0 0 0 0 0 0 0 0
0 0 0 0 0 0 0 0 0 0 0 0 0 0 0 0 0 0 0 0 0 0 0 0 0 0 0 0 0 0 0 0 0 0 0 0
0 0 0 0 0 0 0 0 0 0 0 0 0 0 0 0 0 0 0 0 0 0 0 0 0 0 0 0 0 0 0 0 0 0 0 0
0 0 0 0 0 0 0 0 0 0 0 0 0 0 0 0 0 0 0 0 0
##$SHL_SFCOEFFS1= (0..200)
0 0 0 0 0 0 0 0 0 0 0 0 0 0 0 0 0 0 0 0 0 0 0 0 0 0 0 0 0 0 0 0 0 0 0 0
0 0 0 0 0 0 0 0 0 0 0 0 0 0 0 0 0 0 0 0 0 0 0 0 0 0 0 0 0 0 0 0 0 0 0 0
0 0 0 0 0 0 0 0 0 0 0 0 0 0 0 0 0 0 0 0 0 0 0 0 0 0 0 0 0 0 0 0 0 0 0 0
0 0 0 0 0 0 0 0 0 0 0 0 0 0 0 0 0 0 0 0 0 0 0 0 0 0 0 0 0 0 0 0 0 0 0 0
0 0 0 0 0 0 0 0 0 0 0 0 0 0 0 0 0 0 0 0 0 0 0 0 0 0 0 0 0 0 0 0 0 0 0 0
0 0 0 0 0 0 0 0 0 0 0 0 0 0 0 0 0 0 0 0 0
##$SHL_SFCOEFFS10= (0..200)
0 0 0 0 0 0 0 0 0 0 0 0 0 0 0 0 0 0 0 0 0 0 0 0 0 0 0 0 0 0 0 0 0 0 0 0
0 0 0 0 0 0 0 0 0 0 0 0 0 0 0 0 0 0 0 0 0 0 0 0 0 0 0 0 0 0 0 0 0 0 0 0
0 0 0 0 0 0 0 0 0 0 0 0 0 0 0 0 0 0 0 0 0 0 0 0 0 0 0 0 0 0 0 0 0 0 0 0
0 0 0 0 0 0 0 0 0 0 0 0 0 0 0 0 0 0 0 0 0 0 0 0 0 0 0 0 0 0 0 0 0 0 0 0
0 0 0 0 0 0 0 0 0 0 0 0 0 0 0 0 0 0 0 0 0 0 0 0 0 0 0 0 0 0 0 0 0 0 0 0
0 0 0 0 0 0 0 0 0 0 0 0 0 0 0 0 0 0 0 0 0
##$SHL_SFCOEFFS11= (0..200)
0 0 0 0 0 0 0 0 0 0 0 0 0 0 0 0 0 0 0 0 0 0 0 0 0 0 0 0 0 0 0 0 0 0 0 0
0 0 0 0 0 0 0 0 0 0 0 0 0 0 0 0 0 0 0 0 0 0 0 0 0 0 0 0 0 0 0 0 0 0 0 0
0 0 0 0 0 0 0 0 0 0 0 0 0 0 0 0 0 0 0 0 0 0 0 0 0 0 0 0 0 0 0 0 0 0 0 0
0 0 0 0 0 0 0 0 0 0 0 0 0 0 0 0 0 0 0 0 0 0 0 0 0 0 0 0 0 0 0 0 0 0 0 0
0 0 0 0 0 0 0 0 0 0 0 0 0 0 0 0 0 0 0 0 0 0 0 0 0 0 0 0 0 0 0 0 0 0 0 0
0 0 0 0 0 0 0 0 0 0 0 0 0 0 0 0 0 0 0 0 0
##$SHL_SFCOEFFS12= (0..200)
0 0 0 0 0 0 0 0 0 0 0 0 0 0 0 0 0 0 0 0 0 0 0 0 0 0 0 0 0 0 0 0 0 0 0 0
0 0 0 0 0 0 0 0 0 0 0 0 0 0 0 0 0 0 0 0 0 0 0 0 0 0 0 0 0 0 0 0 0 0 0 0
0 0 0 0 0 0 0 0 0 0 0 0 0 0 0 0 0 0 0 0 0 0 0 0 0 0 0 0 0 0 0 0 0 0 0 0
0 0 0 0 0 0 0 0 0 0 0 0 0 0 0 0 0 0 0 0 0 0 0 0 0 0 0 0 0 0 0 0 0 0 0 0
0 0 0 0 0 0 0 0 0 0 0 0 0 0 0 0 0 0 0 0 0 0 0 0 0 0 0 0 0 0 0 0 0 0 0 0
0 0 0 0 0 0 0 0 0 0 0 0 0 0 0 0 0 0 0 0 0
##$SHL_SFCOEFFS13= (0..200)
0 0 0 0 0 0 0 0 0 0 0 0 0 0 0 0 0 0 0 0 0 0 0 0 0 0 0 0 0 0 0 0 0 0 0 0
0 0 0 0 0 0 0 0 0 0 0 0 0 0 0 0 0 0 0 0 0 0 0 0 0 0 0 0 0 0 0 0 0 0 0 0
0 0 0 0 0 0 0 0 0 0 0 0 0 0 0 0 0 0 0 0 0 0 0 0 0 0 0 0 0 0 0 0 0 0 0 0
0 0 0 0 0 0 0 0 0 0 0 0 0 0 0 0 0 0 0 0 0 0 0 0 0 0 0 0 0 0 0 0 0 0 0 0
0 0 0 0 0 0 0 0 0 0 0 0 0 0 0 0 0 0 0 0 0 0 0 0 0 0 0 0 0 0 0 0 0 0 0 0
0 0 0 0 0 0 0 0 0 0 0 0 0 0 0 0 0 0 0 0 0
##$SHL_SFCOEFFS14= (0..200)
0 0 0 0 0 0 0 0 0 0 0 0 0 0 0 0 0 0 0 0 0 0 0 0 0 0 0 0 0 0 0 0 0 0 0 0
0 0 0 0 0 0 0 0 0 0 0 0 0 0 0 0 0 0 0 0 0 0 0 0 0 0 0 0 0 0 0 0 0 0 0 0
0 0 0 0 0 0 0 0 0 0 0 0 0 0 0 0 0 0 0 0 0 0 0 0 0 0 0 0 0 0 0 0 0 0 0 0
0 0 0 0 0 0 0 0 0 0 0 0 0 0 0 0 0 0 0 0 0 0 0 0 0 0 0 0 0 0 0 0 0 0 0 0
0 0 0 0 0 0 0 0 0 0 0 0 0 0 0 0 0 0 0 0 0 0 0 0 0 0 0 0 0 0 0 0 0 0 0 0
0 0 0 0 0 0 0 0 0 0 0 0 0 0 0 0 0 0 0 0 0
##$SHL_SFCOEFFS15= (0..200)
0 0 0 0 0 0 0 0 0 0 0 0 0 0 0 0 0 0 0 0 0 0 0 0 0 0 0 0 0 0 0 0 0 0 0 0
0 0 0 0 0 0 0 0 0 0 0 0 0 0 0 0 0 0 0 0 0 0 0 0 0 0 0 0 0 0 0 0 0 0 0 0
0 0 0 0 0 0 0 0 0 0 0 0 0 0 0 0 0 0 0 0 0 0 0 0 0 0 0 0 0 0 0 0 0 0 0 0
0 0 0 0 0 0 0 0 0 0 0 0 0 0 0 0 0 0 0 0 0 0 0 0 0 0 0 0 0 0 0 0 0 0 0 0
0 0 0 0 0 0 0 0 0 0 0 0 0 0 0 0 0 0 0 0 0 0 0 0 0 0 0 0 0 0 0 0 0 0 0 0
0 0 0 0 0 0 0 0 0 0 0 0 0 0 0 0 0 0 0 0 0
##$SHL_SFCOEFFS2= (0..200)
0 0 0 0 0 0 0 0 0 0 0 0 0 0 0 0 0 0 0 0 0 0 0 0 0 0 0 0 0 0 0 0 0 0 0 0
0 0 0 0 0 0 0 0 0 0 0 0 0 0 0 0 0 0 0 0 0 0 0 0 0 0 0 0 0 0 0 0 0 0 0 0
0 0 0 0 0 0 0 0 0 0 0 0 0 0 0 0 0 0 0 0 0 0 0 0 0 0 0 0 0 0 0 0 0 0 0 0
0 0 0 0 0 0 0 0 0 0 0 0 0 0 0 0 0 0 0 0 0 0 0 0 0 0 0 0 0 0 0 0 0 0 0 0
0 0 0 0 0 0 0 0 0 0 0 0 0 0 0 0 0 0 0 0 0 0 0 0 0 0 0 0 0 0 0 0 0 0 0 0
0 0 0 0 0 0 0 0 0 0 0 0 0 0 0 0 0 0 0 0 0
##$SHL_SFCOEFFS3= (0..200)
0 0 0 0 0 0 0 0 0 0 0 0 0 0 0 0 0 0 0 0 0 0 0 0 0 0 0 0 0 0 0 0 0 0 0 0
0 0 0 0 0 0 0 0 0 0 0 0 0 0 0 0 0 0 0 0 0 0 0 0 0 0 0 0 0 0 0 0 0 0 0 0
0 0 0 0 0 0 0 0 0 0 0 0 0 0 0 0 0 0 0 0 0 0 0 0 0 0 0 0 0 0 0 0 0 0 0 0
0 0 0 0 0 0 0 0 0 0 0 0 0 0 0 0 0 0 0 0 0 0 0 0 0 0 0 0 0 0 0 0 0 0 0 0
0 0 0 0 0 0 0 0 0 0 0 0 0 0 0 0 0 0 0 0 0 0 0 0 0 0 0 0 0 0 0 0 0 0 0 0
0 0 0 0 0 0 0 0 0 0 0 0 0 0 0 0 0 0 0 0 0
##$SHL_SFCOEFFS4= (0..200)
0 0 0 0 0 0 0 0 0 0 0 0 0 0 0 0 0 0 0 0 0 0 0 0 0 0 0 0 0 0 0 0 0 0 0 0
0 0 0 0 0 0 0 0 0 0 0 0 0 0 0 0 0 0 0 0 0 0 0 0 0 0 0 0 0 0 0 0 0 0 0 0
0 0 0 0 0 0 0 0 0 0 0 0 0 0 0 0 0 0 0 0 0 0 0 0 0 0 0 0 0 0 0 0 0 0 0 0
0 0 0 0 0 0 0 0 0 0 0 0 0 0 0 0 0 0 0 0 0 0 0 0 0 0 0 0 0 0 0 0 0 0 0 0
0 0 0 0 0 0 0 0 0 0 0 0 0 0 0 0 0 0 0 0 0 0 0 0 0 0 0 0 0 0 0 0 0 0 0 0
0 0 0 0 0 0 0 0 0 0 0 0 0 0 0 0 0 0 0 0 0
##$SHL_SFCOEFFS5= (0..200)
0 0 0 0 0 0 0 0 0 0 0 0 0 0 0 0 0 0 0 0 0 0 0 0 0 0 0 0 0 0 0 0 0 0 0 0
0 0 0 0 0 0 0 0 0 0 0 0 0 0 0 0 0 0 0 0 0 0 0 0 0 0 0 0 0 0 0 0 0 0 0 0
0 0 0 0 0 0 0 0 0 0 0 0 0 0 0 0 0 0 0 0 0 0 0 0 0 0 0 0 0 0 0 0 0 0 0 0
0 0 0 0 0 0 0 0 0 0 0 0 0 0 0 0 0 0 0 0 0 0 0 0 0 0 0 0 0 0 0 0 0 0 0 0
0 0 0 0 0 0 0 0 0 0 0 0 0 0 0 0 0 0 0 0 0 0 0 0 0 0 0 0 0 0 0 0 0 0 0 0
0 0 0 0 0 0 0 0 0 0 0 0 0 0 0 0 0 0 0 0 0
##$SHL_SFCOEFFS6= (0..200)
0 0 0 0 0 0 0 0 0 0 0 0 0 0 0 0 0 0 0 0 0 0 0 0 0 0 0 0 0 0 0 0 0 0 0 0
0 0 0 0 0 0 0 0 0 0 0 0 0 0 0 0 0 0 0 0 0 0 0 0 0 0 0 0 0 0 0 0 0 0 0 0
0 0 0 0 0 0 0 0 0 0 0 0 0 0 0 0 0 0 0 0 0 0 0 0 0 0 0 0 0 0 0 0 0 0 0 0
0 0 0 0 0 0 0 0 0 0 0 0 0 0 0 0 0 0 0 0 0 0 0 0 0 0 0 0 0 0 0 0 0 0 0 0
0 0 0 0 0 0 0 0 0 0 0 0 0 0 0 0 0 0 0 0 0 0 0 0 0 0 0 0 0 0 0 0 0 0 0 0
0 0 0 0 0 0 0 0 0 0 0 0 0 0 0 0 0 0 0 0 0
##$SHL_SFCOEFFS7= (0..200)
0 0 0 0 0 0 0 0 0 0 0 0 0 0 0 0 0 0 0 0 0 0 0 0 0 0 0 0 0 0 0 0 0 0 0 0
0 0 0 0 0 0 0 0 0 0 0 0 0 0 0 0 0 0 0 0 0 0 0 0 0 0 0 0 0 0 0 0 0 0 0 0
0 0 0 0 0 0 0 0 0 0 0 0 0 0 0 0 0 0 0 0 0 0 0 0 0 0 0 0 0 0 0 0 0 0 0 0
0 0 0 0 0 0 0 0 0 0 0 0 0 0 0 0 0 0 0 0 0 0 0 0 0 0 0 0 0 0 0 0 0 0 0 0
0 0 0 0 0 0 0 0 0 0 0 0 0 0 0 0 0 0 0 0 0 0 0 0 0 0 0 0 0 0 0 0 0 0 0 0
0 0 0 0 0 0 0 0 0 0 0 0 0 0 0 0 0 0 0 0 0
##$SHL_SFCOEFFS8= (0..200)
0 0 0 0 0 0 0 0 0 0 0 0 0 0 0 0 0 0 0 0 0 0 0 0 0 0 0 0 0 0 0 0 0 0 0 0
0 0 0 0 0 0 0 0 0 0 0 0 0 0 0 0 0 0 0 0 0 0 0 0 0 0 0 0 0 0 0 0 0 0 0 0
0 0 0 0 0 0 0 0 0 0 0 0 0 0 0 0 0 0 0 0 0 0 0 0 0 0 0 0 0 0 0 0 0 0 0 0
0 0 0 0 0 0 0 0 0 0 0 0 0 0 0 0 0 0 0 0 0 0 0 0 0 0 0 0 0 0 0 0 0 0 0 0
0 0 0 0 0 0 0 0 0 0 0 0 0 0 0 0 0 0 0 0 0 0 0 0 0 0 0 0 0 0 0 0 0 0 0 0
0 0 0 0 0 0 0 0 0 0 0 0 0 0 0 0 0 0 0 0 0
##$SHL_SFCOEFFS9= (0..200)
0 0 0 0 0 0 0 0 0 0 0 0 0 0 0 0 0 0 0 0 0 0 0 0 0 0 0 0 0 0 0 0 0 0 0 0
0 0 0 0 0 0 0 0 0 0 0 0 0 0 0 0 0 0 0 0 0 0 0 0 0 0 0 0 0 0 0 0 0 0 0 0
0 0 0 0 0 0 0 0 0 0 0 0 0 0 0 0 0 0 0 0 0 0 0 0 0 0 0 0 0 0 0 0 0 0 0 0
0 0 0 0 0 0 0 0 0 0 0 0 0 0 0 0 0 0 0 0 0 0 0 0 0 0 0 0 0 0 0 0 0 0 0 0
0 0 0 0 0 0 0 0 0 0 0 0 0 0 0 0 0 0 0 0 0 0 0 0 0 0 0 0 0 0 0 0 0 0 0 0
0 0 0 0 0 0 0 0 0 0 0 0 0 0 0 0 0 0 0 0 0
##$SHL_SMOOTHED= (0..15)
0 0 0 0 0 0 0 0 0 0 0 0 0 0 0 0
##$SHL_SMOOTHING= (0..15)
0 0 0 0 0 0 0 0 0 0 0 0 0 0 0 0
##$SHL_SPOAL= (0..15)
0 0 0 0 0 0 0 0 0 0 0 0 0 0 0 0
##$SHL_SPOFFS= (0..15)
0 0 0 0 0 0 0 0 0 0 0 0 0 0 0 0
##$SHL_SPOPH= (0..15)
0 0 0 0 0 0 0 0 0 0 0 0 0 0 0 0
##$SHL_STARTAMP= (0..15)
0 0 0 0 0 0 0 0 0 0 0 0 0 0 0 0
##$SHL_SW= (0..15)
0 0 0 0 0 0 0 0 0 0 0 0 0 0 0 0
##$SHL_SWDIR= (0..15)
-1 -1 -1 -1 -1 -1 -1 -1 -1 -1 -1 -1 -1 -1 -1 -1
##$SHL_TANKAPPA= (0..15)
0 0 0 0 0 0 0 0 0 0 0 0 0 0 0 0
##$SHL_TOTROT= (0..15)
90 0 0 0 0 0 0 0 0 0 0 0 0 0 0 0
##$SHL_TRUNCLEV= (0..15)
0 0 0 0 0 0 0 0 0 0 0 0 0 0 0 0
##$SHL_TYPE= (0..15)
<Excitation> <> <> <> <> <> <> <> <> <> <> <> <> <> <> <>
##$SHL_WINDOWSIZE= (0..15)
0 0 0 0 0 0 0 0 0 0 0 0 0 0 0 0
##$SHL_ZETA= (0..15)
0 0 0 0 0 0 0 0 0 0 0 0 0 0 0 0
##NPOINTS= 1000
##XYPOINTS= (XY..XY)
0.000000, 1.583820
0.199911, 4.751460
0.398166, 7.919100
0.592919, 11.086740
0.782330, 14.254380
0.964580, 17.422020
1.137875, 20.589660
1.300459, 23.757300
1.450622, 26.924940
1.586708, 30.092580
1.707127, 33.260220
1.810361, 36.427860
1.894974, 39.595500
1.959621, 42.763140
2.003051, 45.930780
2.024123, 49.098420
2.021805, 52.266060
1.995184, 55.433700
1.943470, 58.601340
1.866008, 61.768980
1.762273, 64.936620
1.631883, 68.104260
1.474596, 71.271900
1.290321, 74.439540
1.079113, 77.607180
0.841177, 80.774820
0.576874, 83.942460
0.286714, 87.110100
0.028638, 270.277740
0.368367, 273.445380
0.731508, 276.613020
1.116945, 279.780660
1.523422, 282.948300
1.949538, 286.115940
2.393755, 289.283580
2.854406, 292.451220
3.329695, 295.618860
3.817707, 298.786500
4.316414, 301.954140
4.823680, 305.121780
5.337275, 308.289420
5.854877, 311.457060
6.374085, 314.624700
6.892428, 317.792340
7.407374, 320.959980
7.916341, 324.127620
8.416707, 327.295260
8.905823, 330.462900
9.381023, 333.630540
9.839634, 336.798180
10.278992, 339.965820
10.696450, 343.133460
11.089392, 346.301100
11.455244, 349.468740
11.791486, 352.636380
12.095667, 355.804020
12.365410, 358.971660
12.598434, 2.139300
12.792555, 5.306940
12.945703, 8.474580
13.055934, 11.642220
13.121436, 14.809860
13.140543, 17.977500
13.111744, 21.145140
13.033691, 24.312780
12.905208, 27.480420
12.725302, 30.648060
12.493165, 33.815700
12.208186, 36.983340
11.869957, 40.150980
11.478273, 43.318620
11.033143, 46.486260
10.534792, 49.653900
9.983661, 52.821540
9.380415, 55.989180
8.725938, 59.156820
8.021340, 62.324460
7.267951, 65.492100
6.467325, 68.659740
5.621233, 71.827380
4.731662, 74.995020
3.800814, 78.162660
2.831097, 81.330300
1.825120, 84.497940
0.785689, 87.665580
0.284203, 270.833220
1.381383, 274.000860
2.502508, 277.168500
3.644073, 280.336140
4.802424, 283.503780
5.973768, 286.671420
7.154186, 289.839060
8.339644, 293.006700
9.526009, 296.174340
10.709060, 299.341980
11.884505, 302.509620
13.047996, 305.677260
14.195141, 308.844900
15.321525, 312.012540
16.422721, 315.180180
17.494310, 318.347820
18.531897, 321.515460
19.531126, 324.683100
20.487700, 327.850740
21.397393, 331.018380
22.256071, 334.186020
23.059710, 337.353660
23.804407, 340.521300
24.486400, 343.688940
25.102085, 346.856580
25.648030, 350.024220
26.120989, 353.191860
26.517919, 356.359500
26.835996, 359.527140
27.072623, 2.694780
27.225448, 5.862420
27.292375, 9.030060
27.271574, 12.197700
27.161495, 15.365340
26.960872, 18.532980
26.668740, 21.700620
26.284435, 24.868260
25.807608, 28.035900
25.238224, 31.203540
24.576574, 34.371180
23.823271, 37.538820
22.979261, 40.706460
22.045817, 43.874100
21.024545, 47.041740
19.917378, 50.209380
18.726579, 53.377020
17.454734, 56.544660
16.104750, 59.712300
14.679846, 62.879940
13.183551, 66.047580
11.619690, 69.215220
9.992382, 72.382860
8.306021, 75.550500
6.565273, 78.718140
4.775057, 81.885780
2.940535, 85.053420
1.067096, 88.221060
0.839660, 271.388700
2.773939, 274.556340
4.729766, 277.723980
6.701012, 280.891620
8.681405, 284.059260
10.664553, 287.226900
12.643967, 290.394540
14.613075, 293.562180
16.565254, 296.729820
18.493841, 299.897460
20.392164, 303.065100
22.253562, 306.232740
24.071404, 309.400380
25.839118, 312.568020
27.550214, 315.735660
29.198302, 318.903300
30.777118, 322.070940
32.280550, 325.238580
33.702657, 328.406220
35.037690, 331.573860
36.280120, 334.741500
37.424652, 337.909140
38.466253, 341.076780
39.400166, 344.244420
40.221934, 347.412060
40.927416, 350.579700
41.512805, 353.747340
41.974648, 356.914980
42.309856, 0.082620
42.515724, 3.250260
42.589942, 6.417900
42.530607, 9.585540
42.336238, 12.753180
42.005778, 15.920820
41.538610, 19.088460
40.934561, 22.256100
40.193907, 25.423740
39.317378, 28.591380
38.306159, 31.759020
37.161894, 34.926660
35.886683, 38.094300
34.483081, 41.261940
32.954094, 44.429580
31.303173, 47.597220
29.534211, 50.764860
27.651528, 53.932500
25.659868, 57.100140
23.564384, 60.267780
21.370625, 63.435420
19.084522, 66.603060
16.712375, 69.770700
14.260831, 72.938340
11.736870, 76.105980
9.147781, 79.273620
6.501145, 82.441260
3.804810, 85.608900
1.066869, 88.776540
1.704365, 271.944180
4.500384, 275.111820
7.312512, 278.279460
10.131930, 281.447100
12.949707, 284.614740
15.756825, 287.782380
18.544211, 290.950020
21.302764, 294.117660
24.023386, 297.285300
26.697012, 300.452940
29.314640, 303.620580
31.867361, 306.788220
34.346390, 309.955860
36.743095, 313.123500
39.049028, 316.291140
41.255953, 319.458780
43.355876, 322.626420
45.341074, 325.794060
47.204121, 328.961700
48.937919, 332.129340
50.535718, 335.296980
51.991147, 338.464620
53.298236, 341.632260
54.451436, 344.799900
55.445648, 347.967540
56.276238, 351.135180
56.939058, 354.302820
57.430462, 357.470460
57.747327, 0.638100
57.887061, 3.805740
57.847622, 6.973380
57.627526, 10.141020
57.225859, 13.308660
56.642279, 16.476300
55.877031, 19.643940
54.930943, 22.811580
53.805433, 25.979220
52.502505, 29.146860
51.024753, 32.314500
49.375351, 35.482140
47.558053, 38.649780
45.577181, 41.817420
43.437619, 44.985060
41.144799, 48.152700
38.704687, 51.320340
36.123773, 54.487980
33.409048, 57.655620
30.567988, 60.823260
27.608534, 63.990900
24.539068, 67.158540
21.368390, 70.326180
18.105693, 73.493820
14.760538, 76.661460
11.342821, 79.829100
7.862748, 82.996740
4.330800, 86.164380
0.757708, 89.332020
2.845590, 272.499660
6.467972, 275.667300
10.098174, 278.834940
13.724824, 282.002580
17.336476, 285.170220
20.921647, 288.337860
24.468857, 291.505500
27.966661, 294.673140
31.403690, 297.840780
34.768687, 301.008420
38.050543, 304.176060
41.238336, 307.343700
44.321366, 310.511340
47.289191, 313.678980
50.131666, 316.846620
52.838969, 320.014260
55.401646, 323.181900
57.810635, 326.349540
60.057301, 329.517180
62.133469, 332.684820
64.031450, 335.852460
65.744068, 339.020100
67.264692, 342.187740
68.587254, 345.355380
69.706278, 348.523020
70.616897, 351.690660
71.314875, 354.858300
71.796623, 358.025940
72.059217, 1.193580
72.100409, 4.361220
71.918640, 7.528860
71.513048, 10.696500
70.883475, 13.864140
70.030475, 17.031780
68.955313, 20.199420
67.659965, 23.367060
66.147117, 26.534700
64.420165, 29.702340
62.483198, 32.869980
60.341001, 36.037620
57.999033, 39.205260
55.463421, 42.372900
52.740942, 45.540540
49.839002, 48.708180
46.765622, 51.875820
43.529408, 55.043460
40.139535, 58.211100
36.605715, 61.378740
32.938171, 64.546380
29.147606, 67.714020
25.245174, 70.881660
21.242444, 74.049300
17.151368, 77.216940
12.984240, 80.384580
8.753667, 83.552220
4.472519, 86.719860
0.153901, 89.887500
4.188896, 273.055140
8.542433, 276.222780
12.893166, 279.390420
17.227487, 282.558060
21.531770, 285.725700
25.792413, 288.893340
29.995879, 292.060980
34.128745, 295.228620
38.177742, 298.396260
42.129795, 301.563900
45.972072, 304.731540
49.692024, 307.899180
53.277422, 311.066820
56.716404, 314.234460
59.997510, 317.402100
63.109724, 320.569740
66.042507, 323.737380
68.785835, 326.905020
71.330236, 330.072660
73.666817, 333.240300
75.787300, 336.407940
77.684049, 339.575580
79.350097, 342.743220
80.779172, 345.910860
81.965720, 349.078500
82.904926, 352.246140
83.592730, 355.413780
84.025849, 358.581420
84.201784, 1.749060
84.118838, 4.916700
83.776118, 8.084340
83.173548, 11.251980
82.311867, 14.419620
81.192634, 17.587260
79.818226, 20.754900
78.191831, 23.922540
76.317444, 27.090180
74.199857, 30.257820
71.844646, 33.425460
69.258159, 36.593100
66.447496, 39.760740
63.420490, 42.928380
60.185687, 46.096020
56.752320, 49.263660
53.130283, 52.431300
49.330101, 55.598940
45.362900, 58.766580
41.240375, 61.934220
36.974753, 65.101860
32.578757, 68.269500
28.065569, 71.437140
23.448787, 74.604780
18.742385, 77.772420
13.960671, 80.940060
9.118242, 84.107700
4.229935, 87.275340
0.689210, 270.442980
5.624006, 273.610620
10.559164, 276.778260
15.479337, 279.945900
20.369175, 283.113540
25.213368, 286.281180
29.996698, 289.448820
34.704087, 292.616460
39.320643, 295.784100
43.831712, 298.951740
48.222919, 302.119380
52.480221, 305.287020
56.589949, 308.454660
60.538853, 311.622300
64.314145, 314.789940
67.903540, 317.957580
71.295300, 321.125220
74.478270, 324.292860
77.441912, 327.460500
80.176349, 330.628140
82.672390, 333.795780
84.921564, 336.963420
86.916148, 340.131060
88.649198, 343.298700
90.114565, 346.466340
91.306926, 349.633980
92.221795, 352.801620
92.855544, 355.969260
93.205416, 359.136900
93.269537, 2.304540
93.046922, 5.472180
92.537481, 8.639820
91.742023, 11.807460
90.662257, 14.975100
89.300784, 18.142740
87.661096, 21.310380
85.747565, 24.478020
83.565431, 27.645660
81.120790, 30.813300
78.420573, 33.980940
75.472529, 37.148580
72.285204, 40.316220
68.867909, 43.483860
65.230702, 46.651500
61.384349, 49.819140
57.340298, 52.986780
53.110641, 56.154420
48.708079, 59.322060
44.145882, 62.489700
39.437849, 65.657340
34.598264, 68.824980
29.641856, 71.992620
24.583749, 75.160260
19.439417, 78.327900
14.224636, 81.495540
8.955435, 84.663180
3.648044, 87.830820
1.681152, 270.998460
7.015672, 274.166100
12.338983, 277.333740
17.634559, 280.501380
22.885926, 283.669020
28.076720, 286.836660
33.190737, 290.004300
38.211983, 293.171940
43.124726, 296.339580
47.913546, 299.507220
52.563384, 302.674860
57.059591, 305.842500
61.387974, 309.010140
65.534838, 312.177780
69.487040, 315.345420
73.232018, 318.513060
76.757844, 321.680700
80.053253, 324.848340
83.107685, 328.015980
85.911318, 331.183620
88.455098, 334.351260
90.730773, 337.518900
92.730916, 340.686540
94.448949, 343.854180
95.879171, 347.021820
97.016771, 350.189460
97.857844, 353.357100
98.399410, 356.524740
98.639421, 359.692380
98.576766, 2.860020
98.211281, 6.027660
97.543749, 9.195300
96.575894, 12.362940
95.310382, 15.530580
93.750814, 18.698220
91.901709, 21.865860
89.768500, 25.033500
87.357509, 28.201140
84.675935, 31.368780
81.731826, 34.536420
78.534061, 37.704060
75.092316, 40.871700
71.417040, 44.039340
67.519418, 47.206980
63.411341, 50.374620
59.105364, 53.542260
54.614673, 56.709900
49.953039, 59.877540
45.134774, 63.045180
40.174694, 66.212820
35.088064, 69.380460
29.890556, 72.548100
24.598196, 75.715740
19.227316, 78.883380
13.794504, 82.051020
8.316549, 85.218660
2.810388, 88.386300
2.706944, 271.553940
8.218369, 274.721580
13.706823, 277.889220
19.155302, 281.056860
24.546926, 284.224500
29.864982, 287.392140
35.092984, 290.559780
40.214722, 293.727420
45.214312, 296.895060
50.076248, 300.062700
54.785451, 303.230340
59.327315, 306.397980
63.687755, 309.565620
67.853249, 312.733260
71.810882, 315.900900
75.548389, 319.068540
79.054188, 322.236180
82.317423, 325.403820
85.327992, 328.571460
88.076584, 331.739100
90.554705, 334.906740
92.754706, 338.074380
94.669808, 341.242020
96.294120, 344.409660
97.622661, 347.577300
98.651372, 350.744940
99.377134, 353.912580
99.797771, 357.080220
99.912061, 0.247860
99.719740, 3.415500
99.221497, 6.583140
98.418981, 9.750780
97.314785, 12.918420
95.912446, 16.086060
94.216429, 19.253700
92.232112, 22.421340
89.965773, 25.588980
87.424567, 28.756620
84.616500, 31.924260
81.550410, 35.091900
78.235933, 38.259540
74.683478, 41.427180
70.904186, 44.594820
66.909901, 47.762460
62.713131, 50.930100
58.327006, 54.097740
53.765238, 57.265380
49.042076, 60.433020
44.172264, 63.600660
39.170990, 66.768300
34.053841, 69.935940
28.836751, 73.103580
23.535955, 76.271220
18.167932, 79.438860
12.749356, 82.606500
7.297044, 85.774140
1.827901, 88.941780
3.641131, 272.109420
9.093131, 275.277060
14.511244, 278.444700
19.878743, 281.612340
25.179076, 284.779980
30.395920, 287.947620
35.513229, 291.115260
40.515290, 294.282900
45.386767, 297.450540
50.112750, 300.618180
54.678803, 303.785820
59.071007, 306.953460
63.276004, 310.121100
67.281039, 313.288740
71.073998, 316.456380
74.643446, 319.624020
77.978660, 322.791660
81.069667, 325.959300
83.907269, 329.126940
86.483073, 332.294580
88.789515, 335.462220
90.819885, 338.629860
92.568344, 341.797500
94.029945, 344.965140
95.200642, 348.132780
96.077304, 351.300420
96.657725, 354.468060
96.940624, 357.635700
96.925655, 0.803340
96.613400, 3.970980
96.005369, 7.138620
95.103993, 10.306260
93.912613, 13.473900
92.435471, 16.641540
90.677691, 19.809180
88.645264, 22.976820
86.345029, 26.144460
83.784644, 29.312100
80.972568, 32.479740
77.918024, 35.647380
74.630977, 38.815020
71.122095, 41.982660
67.402718, 45.150300
63.484817, 48.317940
59.380959, 51.485580
55.104262, 54.653220
50.668356, 57.820860
46.087337, 60.988500
41.375722, 64.156140
36.548404, 67.323780
31.620601, 70.491420
26.607808, 73.659060
21.525750, 76.826700
16.390332, 79.994340
11.217582, 83.161980
6.023611, 86.329620
0.824550, 89.497260
4.363489, 272.664900
9.524475, 275.832540
14.642498, 279.000180
19.701828, 282.167820
24.686957, 285.335460
29.582651, 288.503100
34.373997, 291.670740
39.046448, 294.838380
43.585869, 298.006020
47.978578, 301.173660
52.211394, 304.341300
56.271668, 307.508940
60.147331, 310.676580
63.826923, 313.844220
67.299631, 317.011860
70.555321, 320.179500
73.584567, 323.347140
76.378678, 326.514780
78.929727, 329.682420
81.230569, 332.850060
83.274865, 336.017700
85.057096, 339.185340
86.572580, 342.352980
87.817486, 345.520620
88.788839, 348.688260
89.484529, 351.855900
89.903318, 355.023540
90.044834, 358.191180
89.909576, 1.358820
89.498907, 4.526460
88.815045, 7.694100
87.861056, 10.861740
86.640841, 14.029380
85.159120, 17.197020
83.421415, 20.364660
81.434028, 23.532300
79.204021, 26.699940
76.739190, 29.867580
74.048037, 33.035220
71.139743, 36.202860
68.024131, 39.370500
64.711641, 42.538140
61.213288, 45.705780
57.540627, 48.873420
53.705716, 52.041060
49.721074, 55.208700
45.599642, 58.376340
41.354736, 61.543980
37.000011, 64.711620
32.549407, 67.879260
28.017114, 71.046900
23.417517, 74.214540
18.765157, 77.382180
14.074678, 80.549820
9.360785, 83.717460
4.638198, 86.885100
0.078401, 270.052740
4.774408, 273.220380
9.435345, 276.388020
14.046906, 279.555660
18.595000, 282.723300
23.065796, 285.890940
27.445767, 289.058580
31.721727, 292.226220
35.880875, 295.393860
39.910835, 298.561500
43.799688, 301.729140
47.536014, 304.896780
51.108921, 308.064420
54.508079, 311.232060
57.723752, 314.399700
60.746823, 317.567340
63.568823, 320.734980
66.181951, 323.902620
68.579102, 327.070260
70.753878, 330.237900
72.700613, 333.405540
74.414381, 336.573180
75.891014, 339.740820
77.127106, 342.908460
78.120024, 346.076100
78.867911, 349.243740
79.369689, 352.411380
79.625058, 355.579020
79.634493, 358.746660
79.399240, 1.914300
78.921305, 5.081940
78.203447, 8.249580
77.249166, 11.417220
76.062684, 14.584860
74.648933, 17.752500
73.013529, 20.920140
71.162760, 24.087780
69.103553, 27.255420
66.843455, 30.423060
64.390604, 33.590700
61.753698, 36.758340
58.941966, 39.925980
55.965139, 43.093620
52.833408, 46.261260
49.557400, 49.428900
46.148131, 52.596540
42.616977, 55.764180
38.975632, 58.931820
35.236069, 62.099460
31.410501, 65.267100
27.511343, 68.434740
23.551166, 71.602380
19.542662, 74.770020
15.498598, 77.937660
11.431779, 81.105300
7.355004, 84.272940
3.281025, 87.440580
0.777489, 270.608220
4.807998, 273.775860
8.798125, 276.943500
12.735697, 280.111140
16.608784, 283.278780
20.405731, 286.446420
24.115198, 289.614060
27.726193, 292.781700
31.228104, 295.949340
34.610729, 299.116980
37.864311, 302.284620
40.979562, 305.452260
43.947690, 308.619900
46.760427, 311.787540
49.410049, 314.955180
51.889399, 318.122820
54.191903, 321.290460
56.311593, 324.458100
58.243117, 327.625740
59.981753, 330.793380
61.523424, 333.961020
62.864700, 337.128660
64.002810, 340.296300
64.935644, 343.463940
65.661757, 346.631580
66.180368, 349.799220
66.491356, 352.966860
66.595259, 356.134500
66.493269, 359.302140
66.187217, 2.469780
65.679569, 5.637420
64.973413, 8.805060
64.072440, 11.972700
62.980933, 15.140340
61.703748, 18.307980
60.246291, 21.475620
58.614501, 24.643260
56.814824, 27.810900
54.854191, 30.978540
52.739989, 34.146180
50.480036, 37.313820
48.082555, 40.481460
45.556140, 43.649100
42.909726, 46.816740
40.152563, 49.984380
37.294176, 53.152020
34.344340, 56.319660
31.313040, 59.487300
28.210441, 62.654940
25.046854, 65.822580
21.832699, 68.990220
18.578473, 72.157860
15.294714, 75.325500
11.991969, 78.493140
8.680756, 81.660780
5.371533, 84.828420
2.074666, 87.996060
1.199607, 271.163700
4.441208, 274.331340
7.640245, 277.498980
10.787050, 280.666620
13.872203, 283.834260
16.886563, 287.001900
19.821293, 290.169540
22.667888, 293.337180
25.418200, 296.504820
28.064460, 299.672460
30.599301, 302.840100
33.015777, 306.007740
35.307383, 309.175380
37.468074, 312.343020
39.492275, 315.510660
41.374903, 318.678300
43.111372, 321.845940
44.697607, 325.013580
46.130053, 328.181220
47.405680, 331.348860
48.521989, 334.516500
49.477017, 337.684140
50.269336, 340.851780
50.898053, 344.019420
51.362809, 347.187060
51.663776, 350.354700
51.801650, 353.522340
51.777643, 356.689980
51.593478, 359.857620
51.251373, 3.025260
50.754035, 6.192900
50.104641, 9.360540
49.306828, 12.528180
48.364672, 15.695820
47.282674, 18.863460
46.065739, 22.031100
44.719159, 25.198740
43.248587, 28.366380
41.660017, 31.534020
39.959765, 34.701660
38.154437, 37.869300
36.250912, 41.036940
34.256312, 44.204580
32.177978, 47.372220
30.023442, 50.539860
27.800402, 53.707500
25.516696, 56.875140
23.180269, 60.042780
20.799152, 63.210420
18.381433, 66.378060
15.935227, 69.545700
13.468651, 72.713340
10.989797, 75.880980
8.506706, 79.048620
6.027341, 82.216260
3.559560, 85.383900
1.111094, 88.551540
1.310477, 271.719180
3.697751, 274.886820
6.043525, 278.054460
8.340815, 281.222100
10.582880, 284.389740
12.763237, 287.557380
14.875685, 290.725020
16.914320, 293.892660
18.873551, 297.060300
20.748114, 300.227940
22.533091, 303.395580
24.223914, 306.563220
25.816385, 309.730860
27.306680, 312.898500
28.691359, 316.066140
29.967373, 319.233780
31.132072, 322.401420
32.183202, 325.569060
33.118918, 328.736700
33.937776, 331.904340
34.638739, 335.071980
35.221172, 338.239620
35.684843, 341.407260
36.029914, 344.574900
36.256938, 347.742540
36.366854, 350.910180
36.360976, 354.077820
36.240985, 357.245460
36.008920, 0.413100
35.667162, 3.580740
35.218428, 6.748380
34.665752, 9.916020
34.012474, 13.083660
33.262222, 16.251300
32.418897, 19.418940
31.486657, 22.586580
30.469898, 25.754220
29.373236, 28.921860
28.201489, 32.089500
26.959657, 35.257140
25.652901, 38.424780
24.286526, 41.592420
22.865959, 44.760060
21.396729, 47.927700
19.884446, 51.095340
18.334779, 54.262980
16.753441, 57.430620
15.146160, 60.598260
13.518669, 63.765900
11.876676, 66.933540
10.225850, 70.101180
8.571804, 73.268820
6.920069, 76.436460
5.276082, 79.604100
3.645165, 82.771740
2.032510, 85.939380
0.443162, 89.107020
1.117998, 272.274660
2.646267, 275.442300
4.137131, 278.609940
5.586284, 281.777580
6.989635, 284.945220
8.343321, 288.112860
9.643718, 291.280500
10.887450, 294.448140
12.071397, 297.615780
13.192701, 300.783420
14.248774, 303.951060
15.237303, 307.118700
16.156253, 310.286340
17.003870, 313.453980
17.778682, 316.621620
18.479504, 319.789260
19.105433, 322.956900
19.655848, 326.124540
20.130409, 329.292180
20.529052, 332.459820
20.851987, 335.627460
21.099691, 338.795100
21.272900, 341.962740
21.372608, 345.130380
21.400051, 348.298020
21.356706, 351.465660
21.244277, 354.633300
21.064684, 357.800940
20.820058, 0.968580
20.512721, 4.136220
20.145182, 7.303860
19.720120, 10.471500
19.240371, 13.639140
18.708917, 16.806780
18.128870, 19.974420
17.503458, 23.142060
16.836012, 26.309700
16.129950, 29.477340
15.388766, 32.644980
14.616008, 35.812620
13.815271, 38.980260
12.990178, 42.147900
12.144367, 45.315540
11.281475, 48.483180
10.405125, 51.650820
9.518914, 54.818460
8.626396, 57.986100
7.731070, 61.153740
6.836367, 64.321380
5.945639, 67.489020
5.062147, 70.656660
4.189046, 73.824300
3.329380, 76.991940
2.486066, 80.159580
1.661891, 83.327220
0.859497, 86.494860
0.081377, 89.662500
0.670136, 272.830140
1.392869, 275.997780
2.084825, 279.165420
2.744177, 282.333060
3.369282, 285.500700
3.958676, 288.668340
4.511085, 291.835980
5.025419, 295.003620
5.500778, 298.171260
5.936453, 301.338900
6.331922, 304.506540
6.686848, 307.674180
7.001082, 310.841820
7.274658, 314.009460
7.507786, 317.177100
7.700853, 320.344740
7.854414, 323.512380
7.969190, 326.680020
8.046058, 329.847660
8.086047, 333.015300
8.090330, 336.182940
8.060217, 339.350580
7.997144, 342.518220
7.902666, 345.685860
7.778450, 348.853500
7.626260, 352.021140
7.447952, 355.188780
7.245465, 358.356420
7.020803, 1.524060
6.776032, 4.691700
6.513269, 7.859340
6.234665, 11.026980
5.942402, 14.194620
5.638677, 17.362260
5.325693, 20.529900
5.005650, 23.697540
4.680730, 26.865180
4.353092, 30.032820
4.024860, 33.200460
3.698112, 36.368100
3.374871, 39.535740
3.057098, 42.703380
2.746681, 45.871020
2.445425, 49.038660
2.155051, 52.206300
1.877180, 55.373940
1.613333, 58.541580
1.364921, 61.709220
1.133239, 64.876860
0.919464, 68.044500
0.724646, 71.212140
0.549709, 74.379780
0.395444, 77.547420
0.262505, 80.715060
0.151413, 83.882700
0.062549, 87.050340
0.003846, 270.217980
0.047669, 273.385620
0.068955, 276.553260
0.067877, 279.720900
0.044745, 282.888540
0.000000, 286.056180
##END=
