##TITLE= Parameter file, TopSpin 3.8.0
##JCAMPDX= 5.0
##DATATYPE= Parameter Values
##ORIGIN= Bruker BioSpin GmbH
<<<<<<< HEAD
##OWNER= mm2093
$$ 2026-06-24 11:15:23.589 +0100  mm2093@auchentoshan
$$ C:/Bruker/cam-ts3/wave/s_automation
$$ process C:\Bruker\TopSpin3.8.0\prog\mod\xwinshape.exe
##MINX= 0.00000000
##MAXX= 91.77798000
##MINY= 0.08856000
##MAXY= 359.98776000
##$SHAPE_ADDPHASE= 0
##$SHAPE_AMP= 91.77798045
=======
##OWNER= syh39
$$ 2026-07-15 12:13:34.828 +0100  syh39@glengrant
$$ C:/Bruker/cam-ts3/wave/s_automation
$$ process C:\Bruker\TopSpin3.8.0\prog\mod\xwinshape.exe
##MINX= 0.00000000
##MAXX= 99.91206100
##MINY= 0.08262000
##MAXY= 359.85762000
##$SHAPE_ADDPHASE= 0
##$SHAPE_AMP= 99.91206129
>>>>>>> f564735e578b4282136090eb0336cbbcaf840cb2
##$SHAPE_BWFAC= 0
##$SHAPE_BWFAC50= 0
##$SHAPE_CALCBW= yes
##$SHAPE_CALCINTEG= yes
##$SHAPE_EXMODE= <Universal>
##$SHAPE_EXPAND= <>
##$SHAPE_EXPANDCF= (0..143)
0 0 0 0 0 0 0 0 0 0 0 0 0 0 0 0 0 0 0 0 0 0 0 0 0 0 0 0 0 0 0 0 0 0 0 0
0 0 0 0 0 0 0 0 0 0 0 0 0 0 0 0 0 0 0 0 0 0 0 0 0 0 0 0 0 0 0 0 0 0 0 0
0 0 0 0 0 0 0 0 0 0 0 0 0 0 0 0 0 0 0 0 0 0 0 0 0 0 0 0 0 0 0 0 0 0 0 0
0 0 0 0 0 0 0 0 0 0 0 0 0 0 0 0 0 0 0 0 0 0 0 0 0 0 0 0 0 0 0 0 0 0 0 0
##$SHAPE_EXPFAC= 0
##$SHAPE_FRACEND= 0
##$SHAPE_FRACORG= 0
##$SHAPE_FRACSTART= 0
##$SHAPE_INTEGFAC= 0
##$SHAPE_KEEPRES= yes
##$SHAPE_LENGTH= 20000
##$SHAPE_MAN= <M>
##$SHAPE_MODE= 2
##$SHAPE_MODFREQ= 0
##$SHAPE_MODPHASE= 0
##$SHAPE_MODSCALE= 0
##$SHAPE_MODSW= 0
##$SHAPE_MODSWDIR= -1
##$SHAPE_NPOINTS= 1000
##$SHAPE_OFFS= <0 2>
##$SHAPE_OFFSCOEFF= (0..95)
<<<<<<< HEAD
0 0 100 -161.2 0 100 0 0 0 0 0 0 0 0 0 0 0 0 0 0 0 0 0 0 0 0 0 0 0 0 0
=======
0 0 100 -879.9 0 100 0 0 0 0 0 0 0 0 0 0 0 0 0 0 0 0 0 0 0 0 0 0 0 0 0
>>>>>>> f564735e578b4282136090eb0336cbbcaf840cb2
0 0 0 0 0 0 0 0 0 0 0 0 0 0 0 0 0 0 0 0 0 0 0 0 0 0 0 0 0 0 0 0 0 0 0 0
0 0 0 0 0 0 0 0 0 0 0 0 0 0 0 0 0 0 0 0 0 0 0 0 0 0 0 0 0
##$SHAPE_PARAMETER= <>
##$SHAPE_REPHFAC= 0
##$SHAPE_RES= 0
<<<<<<< HEAD
##$SHAPE_SCALEFAC= 1.08958597
=======
##$SHAPE_SCALEFAC= 1.00088016
>>>>>>> f564735e578b4282136090eb0336cbbcaf840cb2
##$SHAPE_SCALETYPE= 0
##$SHAPE_SPOAL= 0
##$SHAPE_SPOFFS= 0
##$SHAPE_SPOPH= 0
##$SHAPE_TOTROT= 90
##$SHAPE_TYPE= <Excitation>
##$SHAPE_USER_DEF= 0
##$SHAPE_VERSION= 2.1
##$SHL_ADDPHASE= (0..15)
0 0 0 0 0 0 0 0 0 0 0 0 0 0 0 0
##$SHL_ALIGNOFFSET= (0..15)
0 0 0 0 0 0 0 0 0 0 0 0 0 0 0 0
##$SHL_AMP= (0..15)
99.99984 0 0 0 0 0 0 0 0 0 0 0 0 0 0 0
##$SHL_AMPFAC= (0..15)
0 0 0 0 0 0 0 0 0 0 0 0 0 0 0 0
##$SHL_BETA= (0..15)
0 0 0 0 0 0 0 0 0 0 0 0 0 0 0 0
##$SHL_BWFAC= (0..15)
1.606 0 0 0 0 0 0 0 0 0 0 0 0 0 0 0
##$SHL_CALCBW= (0..15)
yes yes yes yes yes yes yes yes yes yes yes yes yes yes yes yes
##$SHL_CALCINTEG= (0..15)
yes yes yes yes yes yes yes yes yes yes yes yes yes yes yes yes
##$SHL_CENTERAMP= (0..15)
0 0 0 0 0 0 0 0 0 0 0 0 0 0 0 0
##$SHL_CYCNUM= (0..15)
0 0 0 0 0 0 0 0 0 0 0 0 0 0 0 0
##$SHL_DIPOLCPL= (0..15)
0 0 0 0 0 0 0 0 0 0 0 0 0 0 0 0
##$SHL_ENDAMP= (0..15)
0 0 0 0 0 0 0 0 0 0 0 0 0 0 0 0
##$SHL_EXMODE= (0..15)
<Universal> <> <> <> <> <> <> <> <> <> <> <> <> <> <> <>
##$SHL_EXPAND= (0..15)
<> <> <> <> <> <> <> <> <> <> <> <> <> <> <> <>
##$SHL_EXPANDCF0= (0..143)
0 0 0 0 0 0 0 0 0 0 0 0 0 0 0 0 0 0 0 0 0 0 0 0 0 0 0 0 0 0 0 0 0 0 0 0
0 0 0 0 0 0 0 0 0 0 0 0 0 0 0 0 0 0 0 0 0 0 0 0 0 0 0 0 0 0 0 0 0 0 0 0
0 0 0 0 0 0 0 0 0 0 0 0 0 0 0 0 0 0 0 0 0 0 0 0 0 0 0 0 0 0 0 0 0 0 0 0
0 0 0 0 0 0 0 0 0 0 0 0 0 0 0 0 0 0 0 0 0 0 0 0 0 0 0 0 0 0 0 0 0 0 0 0
##$SHL_EXPANDCF1= (0..143)
0 0 0 0 0 0 0 0 0 0 0 0 0 0 0 0 0 0 0 0 0 0 0 0 0 0 0 0 0 0 0 0 0 0 0 0
0 0 0 0 0 0 0 0 0 0 0 0 0 0 0 0 0 0 0 0 0 0 0 0 0 0 0 0 0 0 0 0 0 0 0 0
0 0 0 0 0 0 0 0 0 0 0 0 0 0 0 0 0 0 0 0 0 0 0 0 0 0 0 0 0 0 0 0 0 0 0 0
0 0 0 0 0 0 0 0 0 0 0 0 0 0 0 0 0 0 0 0 0 0 0 0 0 0 0 0 0 0 0 0 0 0 0 0
##$SHL_EXPANDCF10= (0..143)
0 0 0 0 0 0 0 0 0 0 0 0 0 0 0 0 0 0 0 0 0 0 0 0 0 0 0 0 0 0 0 0 0 0 0 0
0 0 0 0 0 0 0 0 0 0 0 0 0 0 0 0 0 0 0 0 0 0 0 0 0 0 0 0 0 0 0 0 0 0 0 0
0 0 0 0 0 0 0 0 0 0 0 0 0 0 0 0 0 0 0 0 0 0 0 0 0 0 0 0 0 0 0 0 0 0 0 0
0 0 0 0 0 0 0 0 0 0 0 0 0 0 0 0 0 0 0 0 0 0 0 0 0 0 0 0 0 0 0 0 0 0 0 0
##$SHL_EXPANDCF11= (0..143)
0 0 0 0 0 0 0 0 0 0 0 0 0 0 0 0 0 0 0 0 0 0 0 0 0 0 0 0 0 0 0 0 0 0 0 0
0 0 0 0 0 0 0 0 0 0 0 0 0 0 0 0 0 0 0 0 0 0 0 0 0 0 0 0 0 0 0 0 0 0 0 0
0 0 0 0 0 0 0 0 0 0 0 0 0 0 0 0 0 0 0 0 0 0 0 0 0 0 0 0 0 0 0 0 0 0 0 0
0 0 0 0 0 0 0 0 0 0 0 0 0 0 0 0 0 0 0 0 0 0 0 0 0 0 0 0 0 0 0 0 0 0 0 0
##$SHL_EXPANDCF12= (0..143)
0 0 0 0 0 0 0 0 0 0 0 0 0 0 0 0 0 0 0 0 0 0 0 0 0 0 0 0 0 0 0 0 0 0 0 0
0 0 0 0 0 0 0 0 0 0 0 0 0 0 0 0 0 0 0 0 0 0 0 0 0 0 0 0 0 0 0 0 0 0 0 0
0 0 0 0 0 0 0 0 0 0 0 0 0 0 0 0 0 0 0 0 0 0 0 0 0 0 0 0 0 0 0 0 0 0 0 0
0 0 0 0 0 0 0 0 0 0 0 0 0 0 0 0 0 0 0 0 0 0 0 0 0 0 0 0 0 0 0 0 0 0 0 0
##$SHL_EXPANDCF13= (0..143)
0 0 0 0 0 0 0 0 0 0 0 0 0 0 0 0 0 0 0 0 0 0 0 0 0 0 0 0 0 0 0 0 0 0 0 0
0 0 0 0 0 0 0 0 0 0 0 0 0 0 0 0 0 0 0 0 0 0 0 0 0 0 0 0 0 0 0 0 0 0 0 0
0 0 0 0 0 0 0 0 0 0 0 0 0 0 0 0 0 0 0 0 0 0 0 0 0 0 0 0 0 0 0 0 0 0 0 0
0 0 0 0 0 0 0 0 0 0 0 0 0 0 0 0 0 0 0 0 0 0 0 0 0 0 0 0 0 0 0 0 0 0 0 0
##$SHL_EXPANDCF14= (0..143)
0 0 0 0 0 0 0 0 0 0 0 0 0 0 0 0 0 0 0 0 0 0 0 0 0 0 0 0 0 0 0 0 0 0 0 0
0 0 0 0 0 0 0 0 0 0 0 0 0 0 0 0 0 0 0 0 0 0 0 0 0 0 0 0 0 0 0 0 0 0 0 0
0 0 0 0 0 0 0 0 0 0 0 0 0 0 0 0 0 0 0 0 0 0 0 0 0 0 0 0 0 0 0 0 0 0 0 0
0 0 0 0 0 0 0 0 0 0 0 0 0 0 0 0 0 0 0 0 0 0 0 0 0 0 0 0 0 0 0 0 0 0 0 0
##$SHL_EXPANDCF15= (0..143)
0 0 0 0 0 0 0 0 0 0 0 0 0 0 0 0 0 0 0 0 0 0 0 0 0 0 0 0 0 0 0 0 0 0 0 0
0 0 0 0 0 0 0 0 0 0 0 0 0 0 0 0 0 0 0 0 0 0 0 0 0 0 0 0 0 0 0 0 0 0 0 0
0 0 0 0 0 0 0 0 0 0 0 0 0 0 0 0 0 0 0 0 0 0 0 0 0 0 0 0 0 0 0 0 0 0 0 0
0 0 0 0 0 0 0 0 0 0 0 0 0 0 0 0 0 0 0 0 0 0 0 0 0 0 0 0 0 0 0 0 0 0 0 0
##$SHL_EXPANDCF2= (0..143)
0 0 0 0 0 0 0 0 0 0 0 0 0 0 0 0 0 0 0 0 0 0 0 0 0 0 0 0 0 0 0 0 0 0 0 0
0 0 0 0 0 0 0 0 0 0 0 0 0 0 0 0 0 0 0 0 0 0 0 0 0 0 0 0 0 0 0 0 0 0 0 0
0 0 0 0 0 0 0 0 0 0 0 0 0 0 0 0 0 0 0 0 0 0 0 0 0 0 0 0 0 0 0 0 0 0 0 0
0 0 0 0 0 0 0 0 0 0 0 0 0 0 0 0 0 0 0 0 0 0 0 0 0 0 0 0 0 0 0 0 0 0 0 0
##$SHL_EXPANDCF3= (0..143)
0 0 0 0 0 0 0 0 0 0 0 0 0 0 0 0 0 0 0 0 0 0 0 0 0 0 0 0 0 0 0 0 0 0 0 0
0 0 0 0 0 0 0 0 0 0 0 0 0 0 0 0 0 0 0 0 0 0 0 0 0 0 0 0 0 0 0 0 0 0 0 0
0 0 0 0 0 0 0 0 0 0 0 0 0 0 0 0 0 0 0 0 0 0 0 0 0 0 0 0 0 0 0 0 0 0 0 0
0 0 0 0 0 0 0 0 0 0 0 0 0 0 0 0 0 0 0 0 0 0 0 0 0 0 0 0 0 0 0 0 0 0 0 0
##$SHL_EXPANDCF4= (0..143)
0 0 0 0 0 0 0 0 0 0 0 0 0 0 0 0 0 0 0 0 0 0 0 0 0 0 0 0 0 0 0 0 0 0 0 0
0 0 0 0 0 0 0 0 0 0 0 0 0 0 0 0 0 0 0 0 0 0 0 0 0 0 0 0 0 0 0 0 0 0 0 0
0 0 0 0 0 0 0 0 0 0 0 0 0 0 0 0 0 0 0 0 0 0 0 0 0 0 0 0 0 0 0 0 0 0 0 0
0 0 0 0 0 0 0 0 0 0 0 0 0 0 0 0 0 0 0 0 0 0 0 0 0 0 0 0 0 0 0 0 0 0 0 0
##$SHL_EXPANDCF5= (0..143)
0 0 0 0 0 0 0 0 0 0 0 0 0 0 0 0 0 0 0 0 0 0 0 0 0 0 0 0 0 0 0 0 0 0 0 0
0 0 0 0 0 0 0 0 0 0 0 0 0 0 0 0 0 0 0 0 0 0 0 0 0 0 0 0 0 0 0 0 0 0 0 0
0 0 0 0 0 0 0 0 0 0 0 0 0 0 0 0 0 0 0 0 0 0 0 0 0 0 0 0 0 0 0 0 0 0 0 0
0 0 0 0 0 0 0 0 0 0 0 0 0 0 0 0 0 0 0 0 0 0 0 0 0 0 0 0 0 0 0 0 0 0 0 0
##$SHL_EXPANDCF6= (0..143)
0 0 0 0 0 0 0 0 0 0 0 0 0 0 0 0 0 0 0 0 0 0 0 0 0 0 0 0 0 0 0 0 0 0 0 0
0 0 0 0 0 0 0 0 0 0 0 0 0 0 0 0 0 0 0 0 0 0 0 0 0 0 0 0 0 0 0 0 0 0 0 0
0 0 0 0 0 0 0 0 0 0 0 0 0 0 0 0 0 0 0 0 0 0 0 0 0 0 0 0 0 0 0 0 0 0 0 0
0 0 0 0 0 0 0 0 0 0 0 0 0 0 0 0 0 0 0 0 0 0 0 0 0 0 0 0 0 0 0 0 0 0 0 0
##$SHL_EXPANDCF7= (0..143)
0 0 0 0 0 0 0 0 0 0 0 0 0 0 0 0 0 0 0 0 0 0 0 0 0 0 0 0 0 0 0 0 0 0 0 0
0 0 0 0 0 0 0 0 0 0 0 0 0 0 0 0 0 0 0 0 0 0 0 0 0 0 0 0 0 0 0 0 0 0 0 0
0 0 0 0 0 0 0 0 0 0 0 0 0 0 0 0 0 0 0 0 0 0 0 0 0 0 0 0 0 0 0 0 0 0 0 0
0 0 0 0 0 0 0 0 0 0 0 0 0 0 0 0 0 0 0 0 0 0 0 0 0 0 0 0 0 0 0 0 0 0 0 0
##$SHL_EXPANDCF8= (0..143)
0 0 0 0 0 0 0 0 0 0 0 0 0 0 0 0 0 0 0 0 0 0 0 0 0 0 0 0 0 0 0 0 0 0 0 0
0 0 0 0 0 0 0 0 0 0 0 0 0 0 0 0 0 0 0 0 0 0 0 0 0 0 0 0 0 0 0 0 0 0 0 0
0 0 0 0 0 0 0 0 0 0 0 0 0 0 0 0 0 0 0 0 0 0 0 0 0 0 0 0 0 0 0 0 0 0 0 0
0 0 0 0 0 0 0 0 0 0 0 0 0 0 0 0 0 0 0 0 0 0 0 0 0 0 0 0 0 0 0 0 0 0 0 0
##$SHL_EXPANDCF9= (0..143)
0 0 0 0 0 0 0 0 0 0 0 0 0 0 0 0 0 0 0 0 0 0 0 0 0 0 0 0 0 0 0 0 0 0 0 0
0 0 0 0 0 0 0 0 0 0 0 0 0 0 0 0 0 0 0 0 0 0 0 0 0 0 0 0 0 0 0 0 0 0 0 0
0 0 0 0 0 0 0 0 0 0 0 0 0 0 0 0 0 0 0 0 0 0 0 0 0 0 0 0 0 0 0 0 0 0 0 0
0 0 0 0 0 0 0 0 0 0 0 0 0 0 0 0 0 0 0 0 0 0 0 0 0 0 0 0 0 0 0 0 0 0 0 0
##$SHL_EXPFAC= (0..15)
0 0 0 0 0 0 0 0 0 0 0 0 0 0 0 0
##$SHL_FRACEND= (0..15)
0 0 0 0 0 0 0 0 0 0 0 0 0 0 0 0
##$SHL_FRACORG= (0..15)
0 0 0 0 0 0 0 0 0 0 0 0 0 0 0 0
##$SHL_FRACSTART= (0..15)
0 0 0 0 0 0 0 0 0 0 0 0 0 0 0 0
##$SHL_FULLHALF= (0..15)
0 0 0 0 0 0 0 0 0 0 0 0 0 0 0 0
##$SHL_FUNCAMP= (0..15)
0 0 0 0 0 0 0 0 0 0 0 0 0 0 0 0
##$SHL_FUNCTION= (0..15)
<User> <> <> <> <> <> <> <> <> <> <> <> <> <> <> <>
##$SHL_GCO= (0..15)
<> <> <> <> <> <> <> <> <> <> <> <> <> <> <> <>
##$SHL_GCOCOEFFS0= (0..59)
0 0 0 0 0 0 0 0 0 0 0 0 0 0 0 0 0 0 0 0 0 0 0 0 0 0 0 0 0 0 0 0 0 0 0 0
0 0 0 0 0 0 0 0 0 0 0 0 0 0 0 0 0 0 0 0 0 0 0 0
##$SHL_GCOCOEFFS1= (0..59)
0 0 0 0 0 0 0 0 0 0 0 0 0 0 0 0 0 0 0 0 0 0 0 0 0 0 0 0 0 0 0 0 0 0 0 0
0 0 0 0 0 0 0 0 0 0 0 0 0 0 0 0 0 0 0 0 0 0 0 0
##$SHL_GCOCOEFFS10= (0..59)
0 0 0 0 0 0 0 0 0 0 0 0 0 0 0 0 0 0 0 0 0 0 0 0 0 0 0 0 0 0 0 0 0 0 0 0
0 0 0 0 0 0 0 0 0 0 0 0 0 0 0 0 0 0 0 0 0 0 0 0
##$SHL_GCOCOEFFS11= (0..59)
0 0 0 0 0 0 0 0 0 0 0 0 0 0 0 0 0 0 0 0 0 0 0 0 0 0 0 0 0 0 0 0 0 0 0 0
0 0 0 0 0 0 0 0 0 0 0 0 0 0 0 0 0 0 0 0 0 0 0 0
##$SHL_GCOCOEFFS12= (0..59)
0 0 0 0 0 0 0 0 0 0 0 0 0 0 0 0 0 0 0 0 0 0 0 0 0 0 0 0 0 0 0 0 0 0 0 0
0 0 0 0 0 0 0 0 0 0 0 0 0 0 0 0 0 0 0 0 0 0 0 0
##$SHL_GCOCOEFFS13= (0..59)
0 0 0 0 0 0 0 0 0 0 0 0 0 0 0 0 0 0 0 0 0 0 0 0 0 0 0 0 0 0 0 0 0 0 0 0
0 0 0 0 0 0 0 0 0 0 0 0 0 0 0 0 0 0 0 0 0 0 0 0
##$SHL_GCOCOEFFS14= (0..59)
0 0 0 0 0 0 0 0 0 0 0 0 0 0 0 0 0 0 0 0 0 0 0 0 0 0 0 0 0 0 0 0 0 0 0 0
0 0 0 0 0 0 0 0 0 0 0 0 0 0 0 0 0 0 0 0 0 0 0 0
##$SHL_GCOCOEFFS15= (0..59)
0 0 0 0 0 0 0 0 0 0 0 0 0 0 0 0 0 0 0 0 0 0 0 0 0 0 0 0 0 0 0 0 0 0 0 0
0 0 0 0 0 0 0 0 0 0 0 0 0 0 0 0 0 0 0 0 0 0 0 0
##$SHL_GCOCOEFFS2= (0..59)
0 0 0 0 0 0 0 0 0 0 0 0 0 0 0 0 0 0 0 0 0 0 0 0 0 0 0 0 0 0 0 0 0 0 0 0
0 0 0 0 0 0 0 0 0 0 0 0 0 0 0 0 0 0 0 0 0 0 0 0
##$SHL_GCOCOEFFS3= (0..59)
0 0 0 0 0 0 0 0 0 0 0 0 0 0 0 0 0 0 0 0 0 0 0 0 0 0 0 0 0 0 0 0 0 0 0 0
0 0 0 0 0 0 0 0 0 0 0 0 0 0 0 0 0 0 0 0 0 0 0 0
##$SHL_GCOCOEFFS4= (0..59)
0 0 0 0 0 0 0 0 0 0 0 0 0 0 0 0 0 0 0 0 0 0 0 0 0 0 0 0 0 0 0 0 0 0 0 0
0 0 0 0 0 0 0 0 0 0 0 0 0 0 0 0 0 0 0 0 0 0 0 0
##$SHL_GCOCOEFFS5= (0..59)
0 0 0 0 0 0 0 0 0 0 0 0 0 0 0 0 0 0 0 0 0 0 0 0 0 0 0 0 0 0 0 0 0 0 0 0
0 0 0 0 0 0 0 0 0 0 0 0 0 0 0 0 0 0 0 0 0 0 0 0
##$SHL_GCOCOEFFS6= (0..59)
0 0 0 0 0 0 0 0 0 0 0 0 0 0 0 0 0 0 0 0 0 0 0 0 0 0 0 0 0 0 0 0 0 0 0 0
0 0 0 0 0 0 0 0 0 0 0 0 0 0 0 0 0 0 0 0 0 0 0 0
##$SHL_GCOCOEFFS7= (0..59)
0 0 0 0 0 0 0 0 0 0 0 0 0 0 0 0 0 0 0 0 0 0 0 0 0 0 0 0 0 0 0 0 0 0 0 0
0 0 0 0 0 0 0 0 0 0 0 0 0 0 0 0 0 0 0 0 0 0 0 0
##$SHL_GCOCOEFFS8= (0..59)
0 0 0 0 0 0 0 0 0 0 0 0 0 0 0 0 0 0 0 0 0 0 0 0 0 0 0 0 0 0 0 0 0 0 0 0
0 0 0 0 0 0 0 0 0 0 0 0 0 0 0 0 0 0 0 0 0 0 0 0
##$SHL_GCOCOEFFS9= (0..59)
0 0 0 0 0 0 0 0 0 0 0 0 0 0 0 0 0 0 0 0 0 0 0 0 0 0 0 0 0 0 0 0 0 0 0 0
0 0 0 0 0 0 0 0 0 0 0 0 0 0 0 0 0 0 0 0 0 0 0 0
##$SHL_INTEGFAC= (0..15)
0.58890005 0 0 0 0 0 0 0 0 0 0 0 0 0 0 0
##$SHL_LB= (0..15)
0 0 0 0 0 0 0 0 0 0 0 0 0 0 0 0
##$SHL_LEFTLIMIT= (0..15)
0 0 0 0 0 0 0 0 0 0 0 0 0 0 0 0
##$SHL_LENGTH= (0..15)
20000 0 0 0 0 0 0 0 0 0 0 0 0 0 0 0
##$SHL_MAN= (0..15)
<> <> <> <> <> <> <> <> <> <> <> <> <> <> <> <>
##$SHL_MEANAMP= (0..15)
0 0 0 0 0 0 0 0 0 0 0 0 0 0 0 0
##$SHL_MODAMP= (0..15)
0 0 0 0 0 0 0 0 0 0 0 0 0 0 0 0
##$SHL_MODE= (0..15)
0 0 0 0 0 0 0 0 0 0 0 0 0 0 0 0
##$SHL_MODFREQ= (0..15)
0 0 0 0 0 0 0 0 0 0 0 0 0 0 0 0
##$SHL_MODPHASE= (0..15)
0 0 0 0 0 0 0 0 0 0 0 0 0 0 0 0
##$SHL_MODSCALE= (0..15)
0 0 0 0 0 0 0 0 0 0 0 0 0 0 0 0
##$SHL_MODSW= (0..15)
0 0 0 0 0 0 0 0 0 0 0 0 0 0 0 0
##$SHL_MODSWDIR= (0..15)
-1 -1 -1 -1 -1 -1 -1 -1 -1 -1 -1 -1 -1 -1 -1 -1
##$SHL_MU= (0..15)
0 0 0 0 0 0 0 0 0 0 0 0 0 0 0 0
##$SHL_NPOINTS= (0..15)
1000 0 0 0 0 0 0 0 0 0 0 0 0 0 0 0
##$SHL_OFFS= (0..15)
<> <> <> <> <> <> <> <> <> <> <> <> <> <> <> <>
##$SHL_OFFSCOEFF0= (0..95)
0 0 0 0 0 0 0 0 0 0 0 0 0 0 0 0 0 0 0 0 0 0 0 0 0 0 0 0 0 0 0 0 0 0 0 0
0 0 0 0 0 0 0 0 0 0 0 0 0 0 0 0 0 0 0 0 0 0 0 0 0 0 0 0 0 0 0 0 0 0 0 0
0 0 0 0 0 0 0 0 0 0 0 0 0 0 0 0 0 0 0 0 0 0 0 0
##$SHL_OFFSCOEFF1= (0..95)
0 0 0 0 0 0 0 0 0 0 0 0 0 0 0 0 0 0 0 0 0 0 0 0 0 0 0 0 0 0 0 0 0 0 0 0
0 0 0 0 0 0 0 0 0 0 0 0 0 0 0 0 0 0 0 0 0 0 0 0 0 0 0 0 0 0 0 0 0 0 0 0
0 0 0 0 0 0 0 0 0 0 0 0 0 0 0 0 0 0 0 0 0 0 0 0
##$SHL_OFFSCOEFF10= (0..95)
0 0 0 0 0 0 0 0 0 0 0 0 0 0 0 0 0 0 0 0 0 0 0 0 0 0 0 0 0 0 0 0 0 0 0 0
0 0 0 0 0 0 0 0 0 0 0 0 0 0 0 0 0 0 0 0 0 0 0 0 0 0 0 0 0 0 0 0 0 0 0 0
0 0 0 0 0 0 0 0 0 0 0 0 0 0 0 0 0 0 0 0 0 0 0 0
##$SHL_OFFSCOEFF11= (0..95)
0 0 0 0 0 0 0 0 0 0 0 0 0 0 0 0 0 0 0 0 0 0 0 0 0 0 0 0 0 0 0 0 0 0 0 0
0 0 0 0 0 0 0 0 0 0 0 0 0 0 0 0 0 0 0 0 0 0 0 0 0 0 0 0 0 0 0 0 0 0 0 0
0 0 0 0 0 0 0 0 0 0 0 0 0 0 0 0 0 0 0 0 0 0 0 0
##$SHL_OFFSCOEFF12= (0..95)
0 0 0 0 0 0 0 0 0 0 0 0 0 0 0 0 0 0 0 0 0 0 0 0 0 0 0 0 0 0 0 0 0 0 0 0
0 0 0 0 0 0 0 0 0 0 0 0 0 0 0 0 0 0 0 0 0 0 0 0 0 0 0 0 0 0 0 0 0 0 0 0
0 0 0 0 0 0 0 0 0 0 0 0 0 0 0 0 0 0 0 0 0 0 0 0
##$SHL_OFFSCOEFF13= (0..95)
0 0 0 0 0 0 0 0 0 0 0 0 0 0 0 0 0 0 0 0 0 0 0 0 0 0 0 0 0 0 0 0 0 0 0 0
0 0 0 0 0 0 0 0 0 0 0 0 0 0 0 0 0 0 0 0 0 0 0 0 0 0 0 0 0 0 0 0 0 0 0 0
0 0 0 0 0 0 0 0 0 0 0 0 0 0 0 0 0 0 0 0 0 0 0 0
##$SHL_OFFSCOEFF14= (0..95)
0 0 0 0 0 0 0 0 0 0 0 0 0 0 0 0 0 0 0 0 0 0 0 0 0 0 0 0 0 0 0 0 0 0 0 0
0 0 0 0 0 0 0 0 0 0 0 0 0 0 0 0 0 0 0 0 0 0 0 0 0 0 0 0 0 0 0 0 0 0 0 0
0 0 0 0 0 0 0 0 0 0 0 0 0 0 0 0 0 0 0 0 0 0 0 0
##$SHL_OFFSCOEFF15= (0..95)
0 0 0 0 0 0 0 0 0 0 0 0 0 0 0 0 0 0 0 0 0 0 0 0 0 0 0 0 0 0 0 0 0 0 0 0
0 0 0 0 0 0 0 0 0 0 0 0 0 0 0 0 0 0 0 0 0 0 0 0 0 0 0 0 0 0 0 0 0 0 0 0
0 0 0 0 0 0 0 0 0 0 0 0 0 0 0 0 0 0 0 0 0 0 0 0
##$SHL_OFFSCOEFF2= (0..95)
0 0 0 0 0 0 0 0 0 0 0 0 0 0 0 0 0 0 0 0 0 0 0 0 0 0 0 0 0 0 0 0 0 0 0 0
0 0 0 0 0 0 0 0 0 0 0 0 0 0 0 0 0 0 0 0 0 0 0 0 0 0 0 0 0 0 0 0 0 0 0 0
0 0 0 0 0 0 0 0 0 0 0 0 0 0 0 0 0 0 0 0 0 0 0 0
##$SHL_OFFSCOEFF3= (0..95)
0 0 0 0 0 0 0 0 0 0 0 0 0 0 0 0 0 0 0 0 0 0 0 0 0 0 0 0 0 0 0 0 0 0 0 0
0 0 0 0 0 0 0 0 0 0 0 0 0 0 0 0 0 0 0 0 0 0 0 0 0 0 0 0 0 0 0 0 0 0 0 0
0 0 0 0 0 0 0 0 0 0 0 0 0 0 0 0 0 0 0 0 0 0 0 0
##$SHL_OFFSCOEFF4= (0..95)
0 0 0 0 0 0 0 0 0 0 0 0 0 0 0 0 0 0 0 0 0 0 0 0 0 0 0 0 0 0 0 0 0 0 0 0
0 0 0 0 0 0 0 0 0 0 0 0 0 0 0 0 0 0 0 0 0 0 0 0 0 0 0 0 0 0 0 0 0 0 0 0
0 0 0 0 0 0 0 0 0 0 0 0 0 0 0 0 0 0 0 0 0 0 0 0
##$SHL_OFFSCOEFF5= (0..95)
0 0 0 0 0 0 0 0 0 0 0 0 0 0 0 0 0 0 0 0 0 0 0 0 0 0 0 0 0 0 0 0 0 0 0 0
0 0 0 0 0 0 0 0 0 0 0 0 0 0 0 0 0 0 0 0 0 0 0 0 0 0 0 0 0 0 0 0 0 0 0 0
0 0 0 0 0 0 0 0 0 0 0 0 0 0 0 0 0 0 0 0 0 0 0 0
##$SHL_OFFSCOEFF6= (0..95)
0 0 0 0 0 0 0 0 0 0 0 0 0 0 0 0 0 0 0 0 0 0 0 0 0 0 0 0 0 0 0 0 0 0 0 0
0 0 0 0 0 0 0 0 0 0 0 0 0 0 0 0 0 0 0 0 0 0 0 0 0 0 0 0 0 0 0 0 0 0 0 0
0 0 0 0 0 0 0 0 0 0 0 0 0 0 0 0 0 0 0 0 0 0 0 0
##$SHL_OFFSCOEFF7= (0..95)
0 0 0 0 0 0 0 0 0 0 0 0 0 0 0 0 0 0 0 0 0 0 0 0 0 0 0 0 0 0 0 0 0 0 0 0
0 0 0 0 0 0 0 0 0 0 0 0 0 0 0 0 0 0 0 0 0 0 0 0 0 0 0 0 0 0 0 0 0 0 0 0
0 0 0 0 0 0 0 0 0 0 0 0 0 0 0 0 0 0 0 0 0 0 0 0
##$SHL_OFFSCOEFF8= (0..95)
0 0 0 0 0 0 0 0 0 0 0 0 0 0 0 0 0 0 0 0 0 0 0 0 0 0 0 0 0 0 0 0 0 0 0 0
0 0 0 0 0 0 0 0 0 0 0 0 0 0 0 0 0 0 0 0 0 0 0 0 0 0 0 0 0 0 0 0 0 0 0 0
0 0 0 0 0 0 0 0 0 0 0 0 0 0 0 0 0 0 0 0 0 0 0 0
##$SHL_OFFSCOEFF9= (0..95)
0 0 0 0 0 0 0 0 0 0 0 0 0 0 0 0 0 0 0 0 0 0 0 0 0 0 0 0 0 0 0 0 0 0 0 0
0 0 0 0 0 0 0 0 0 0 0 0 0 0 0 0 0 0 0 0 0 0 0 0 0 0 0 0 0 0 0 0 0 0 0 0
0 0 0 0 0 0 0 0 0 0 0 0 0 0 0 0 0 0 0 0 0 0 0 0
##$SHL_PHASE= (0..15)
0 0 0 0 0 0 0 0 0 0 0 0 0 0 0 0
##$SHL_PHASEFAC= (0..15)
0 0 0 0 0 0 0 0 0 0 0 0 0 0 0 0
##$SHL_POWERINDEX= (0..15)
0 0 0 0 0 0 0 0 0 0 0 0 0 0 0 0
##$SHL_QUADCOEFF= (0..15)
0 0 0 0 0 0 0 0 0 0 0 0 0 0 0 0
##$SHL_RIGHTLIMIT= (0..15)
0 0 0 0 0 0 0 0 0 0 0 0 0 0 0 0
##$SHL_SCALEFACTOR= (0..15)
1 1 1 1 1 1 1 1 1 1 1 1 1 1 1 1
##$SHL_SF= (0..15)
<> <> <> <> <> <> <> <> <> <> <> <> <> <> <> <>
##$SHL_SFCOEFFS0= (0..200)
0 0 0 0 0 0 0 0 0 0 0 0 0 0 0 0 0 0 0 0 0 0 0 0 0 0 0 0 0 0 0 0 0 0 0 0
0 0 0 0 0 0 0 0 0 0 0 0 0 0 0 0 0 0 0 0 0 0 0 0 0 0 0 0 0 0 0 0 0 0 0 0
0 0 0 0 0 0 0 0 0 0 0 0 0 0 0 0 0 0 0 0 0 0 0 0 0 0 0 0 0 0 0 0 0 0 0 0
0 0 0 0 0 0 0 0 0 0 0 0 0 0 0 0 0 0 0 0 0 0 0 0 0 0 0 0 0 0 0 0 0 0 0 0
0 0 0 0 0 0 0 0 0 0 0 0 0 0 0 0 0 0 0 0 0 0 0 0 0 0 0 0 0 0 0 0 0 0 0 0
0 0 0 0 0 0 0 0 0 0 0 0 0 0 0 0 0 0 0 0 0
##$SHL_SFCOEFFS1= (0..200)
0 0 0 0 0 0 0 0 0 0 0 0 0 0 0 0 0 0 0 0 0 0 0 0 0 0 0 0 0 0 0 0 0 0 0 0
0 0 0 0 0 0 0 0 0 0 0 0 0 0 0 0 0 0 0 0 0 0 0 0 0 0 0 0 0 0 0 0 0 0 0 0
0 0 0 0 0 0 0 0 0 0 0 0 0 0 0 0 0 0 0 0 0 0 0 0 0 0 0 0 0 0 0 0 0 0 0 0
0 0 0 0 0 0 0 0 0 0 0 0 0 0 0 0 0 0 0 0 0 0 0 0 0 0 0 0 0 0 0 0 0 0 0 0
0 0 0 0 0 0 0 0 0 0 0 0 0 0 0 0 0 0 0 0 0 0 0 0 0 0 0 0 0 0 0 0 0 0 0 0
0 0 0 0 0 0 0 0 0 0 0 0 0 0 0 0 0 0 0 0 0
##$SHL_SFCOEFFS10= (0..200)
0 0 0 0 0 0 0 0 0 0 0 0 0 0 0 0 0 0 0 0 0 0 0 0 0 0 0 0 0 0 0 0 0 0 0 0
0 0 0 0 0 0 0 0 0 0 0 0 0 0 0 0 0 0 0 0 0 0 0 0 0 0 0 0 0 0 0 0 0 0 0 0
0 0 0 0 0 0 0 0 0 0 0 0 0 0 0 0 0 0 0 0 0 0 0 0 0 0 0 0 0 0 0 0 0 0 0 0
0 0 0 0 0 0 0 0 0 0 0 0 0 0 0 0 0 0 0 0 0 0 0 0 0 0 0 0 0 0 0 0 0 0 0 0
0 0 0 0 0 0 0 0 0 0 0 0 0 0 0 0 0 0 0 0 0 0 0 0 0 0 0 0 0 0 0 0 0 0 0 0
0 0 0 0 0 0 0 0 0 0 0 0 0 0 0 0 0 0 0 0 0
##$SHL_SFCOEFFS11= (0..200)
0 0 0 0 0 0 0 0 0 0 0 0 0 0 0 0 0 0 0 0 0 0 0 0 0 0 0 0 0 0 0 0 0 0 0 0
0 0 0 0 0 0 0 0 0 0 0 0 0 0 0 0 0 0 0 0 0 0 0 0 0 0 0 0 0 0 0 0 0 0 0 0
0 0 0 0 0 0 0 0 0 0 0 0 0 0 0 0 0 0 0 0 0 0 0 0 0 0 0 0 0 0 0 0 0 0 0 0
0 0 0 0 0 0 0 0 0 0 0 0 0 0 0 0 0 0 0 0 0 0 0 0 0 0 0 0 0 0 0 0 0 0 0 0
0 0 0 0 0 0 0 0 0 0 0 0 0 0 0 0 0 0 0 0 0 0 0 0 0 0 0 0 0 0 0 0 0 0 0 0
0 0 0 0 0 0 0 0 0 0 0 0 0 0 0 0 0 0 0 0 0
##$SHL_SFCOEFFS12= (0..200)
0 0 0 0 0 0 0 0 0 0 0 0 0 0 0 0 0 0 0 0 0 0 0 0 0 0 0 0 0 0 0 0 0 0 0 0
0 0 0 0 0 0 0 0 0 0 0 0 0 0 0 0 0 0 0 0 0 0 0 0 0 0 0 0 0 0 0 0 0 0 0 0
0 0 0 0 0 0 0 0 0 0 0 0 0 0 0 0 0 0 0 0 0 0 0 0 0 0 0 0 0 0 0 0 0 0 0 0
0 0 0 0 0 0 0 0 0 0 0 0 0 0 0 0 0 0 0 0 0 0 0 0 0 0 0 0 0 0 0 0 0 0 0 0
0 0 0 0 0 0 0 0 0 0 0 0 0 0 0 0 0 0 0 0 0 0 0 0 0 0 0 0 0 0 0 0 0 0 0 0
0 0 0 0 0 0 0 0 0 0 0 0 0 0 0 0 0 0 0 0 0
##$SHL_SFCOEFFS13= (0..200)
0 0 0 0 0 0 0 0 0 0 0 0 0 0 0 0 0 0 0 0 0 0 0 0 0 0 0 0 0 0 0 0 0 0 0 0
0 0 0 0 0 0 0 0 0 0 0 0 0 0 0 0 0 0 0 0 0 0 0 0 0 0 0 0 0 0 0 0 0 0 0 0
0 0 0 0 0 0 0 0 0 0 0 0 0 0 0 0 0 0 0 0 0 0 0 0 0 0 0 0 0 0 0 0 0 0 0 0
0 0 0 0 0 0 0 0 0 0 0 0 0 0 0 0 0 0 0 0 0 0 0 0 0 0 0 0 0 0 0 0 0 0 0 0
0 0 0 0 0 0 0 0 0 0 0 0 0 0 0 0 0 0 0 0 0 0 0 0 0 0 0 0 0 0 0 0 0 0 0 0
0 0 0 0 0 0 0 0 0 0 0 0 0 0 0 0 0 0 0 0 0
##$SHL_SFCOEFFS14= (0..200)
0 0 0 0 0 0 0 0 0 0 0 0 0 0 0 0 0 0 0 0 0 0 0 0 0 0 0 0 0 0 0 0 0 0 0 0
0 0 0 0 0 0 0 0 0 0 0 0 0 0 0 0 0 0 0 0 0 0 0 0 0 0 0 0 0 0 0 0 0 0 0 0
0 0 0 0 0 0 0 0 0 0 0 0 0 0 0 0 0 0 0 0 0 0 0 0 0 0 0 0 0 0 0 0 0 0 0 0
0 0 0 0 0 0 0 0 0 0 0 0 0 0 0 0 0 0 0 0 0 0 0 0 0 0 0 0 0 0 0 0 0 0 0 0
0 0 0 0 0 0 0 0 0 0 0 0 0 0 0 0 0 0 0 0 0 0 0 0 0 0 0 0 0 0 0 0 0 0 0 0
0 0 0 0 0 0 0 0 0 0 0 0 0 0 0 0 0 0 0 0 0
##$SHL_SFCOEFFS15= (0..200)
0 0 0 0 0 0 0 0 0 0 0 0 0 0 0 0 0 0 0 0 0 0 0 0 0 0 0 0 0 0 0 0 0 0 0 0
0 0 0 0 0 0 0 0 0 0 0 0 0 0 0 0 0 0 0 0 0 0 0 0 0 0 0 0 0 0 0 0 0 0 0 0
0 0 0 0 0 0 0 0 0 0 0 0 0 0 0 0 0 0 0 0 0 0 0 0 0 0 0 0 0 0 0 0 0 0 0 0
0 0 0 0 0 0 0 0 0 0 0 0 0 0 0 0 0 0 0 0 0 0 0 0 0 0 0 0 0 0 0 0 0 0 0 0
0 0 0 0 0 0 0 0 0 0 0 0 0 0 0 0 0 0 0 0 0 0 0 0 0 0 0 0 0 0 0 0 0 0 0 0
0 0 0 0 0 0 0 0 0 0 0 0 0 0 0 0 0 0 0 0 0
##$SHL_SFCOEFFS2= (0..200)
0 0 0 0 0 0 0 0 0 0 0 0 0 0 0 0 0 0 0 0 0 0 0 0 0 0 0 0 0 0 0 0 0 0 0 0
0 0 0 0 0 0 0 0 0 0 0 0 0 0 0 0 0 0 0 0 0 0 0 0 0 0 0 0 0 0 0 0 0 0 0 0
0 0 0 0 0 0 0 0 0 0 0 0 0 0 0 0 0 0 0 0 0 0 0 0 0 0 0 0 0 0 0 0 0 0 0 0
0 0 0 0 0 0 0 0 0 0 0 0 0 0 0 0 0 0 0 0 0 0 0 0 0 0 0 0 0 0 0 0 0 0 0 0
0 0 0 0 0 0 0 0 0 0 0 0 0 0 0 0 0 0 0 0 0 0 0 0 0 0 0 0 0 0 0 0 0 0 0 0
0 0 0 0 0 0 0 0 0 0 0 0 0 0 0 0 0 0 0 0 0
##$SHL_SFCOEFFS3= (0..200)
0 0 0 0 0 0 0 0 0 0 0 0 0 0 0 0 0 0 0 0 0 0 0 0 0 0 0 0 0 0 0 0 0 0 0 0
0 0 0 0 0 0 0 0 0 0 0 0 0 0 0 0 0 0 0 0 0 0 0 0 0 0 0 0 0 0 0 0 0 0 0 0
0 0 0 0 0 0 0 0 0 0 0 0 0 0 0 0 0 0 0 0 0 0 0 0 0 0 0 0 0 0 0 0 0 0 0 0
0 0 0 0 0 0 0 0 0 0 0 0 0 0 0 0 0 0 0 0 0 0 0 0 0 0 0 0 0 0 0 0 0 0 0 0
0 0 0 0 0 0 0 0 0 0 0 0 0 0 0 0 0 0 0 0 0 0 0 0 0 0 0 0 0 0 0 0 0 0 0 0
0 0 0 0 0 0 0 0 0 0 0 0 0 0 0 0 0 0 0 0 0
##$SHL_SFCOEFFS4= (0..200)
0 0 0 0 0 0 0 0 0 0 0 0 0 0 0 0 0 0 0 0 0 0 0 0 0 0 0 0 0 0 0 0 0 0 0 0
0 0 0 0 0 0 0 0 0 0 0 0 0 0 0 0 0 0 0 0 0 0 0 0 0 0 0 0 0 0 0 0 0 0 0 0
0 0 0 0 0 0 0 0 0 0 0 0 0 0 0 0 0 0 0 0 0 0 0 0 0 0 0 0 0 0 0 0 0 0 0 0
0 0 0 0 0 0 0 0 0 0 0 0 0 0 0 0 0 0 0 0 0 0 0 0 0 0 0 0 0 0 0 0 0 0 0 0
0 0 0 0 0 0 0 0 0 0 0 0 0 0 0 0 0 0 0 0 0 0 0 0 0 0 0 0 0 0 0 0 0 0 0 0
0 0 0 0 0 0 0 0 0 0 0 0 0 0 0 0 0 0 0 0 0
##$SHL_SFCOEFFS5= (0..200)
0 0 0 0 0 0 0 0 0 0 0 0 0 0 0 0 0 0 0 0 0 0 0 0 0 0 0 0 0 0 0 0 0 0 0 0
0 0 0 0 0 0 0 0 0 0 0 0 0 0 0 0 0 0 0 0 0 0 0 0 0 0 0 0 0 0 0 0 0 0 0 0
0 0 0 0 0 0 0 0 0 0 0 0 0 0 0 0 0 0 0 0 0 0 0 0 0 0 0 0 0 0 0 0 0 0 0 0
0 0 0 0 0 0 0 0 0 0 0 0 0 0 0 0 0 0 0 0 0 0 0 0 0 0 0 0 0 0 0 0 0 0 0 0
0 0 0 0 0 0 0 0 0 0 0 0 0 0 0 0 0 0 0 0 0 0 0 0 0 0 0 0 0 0 0 0 0 0 0 0
0 0 0 0 0 0 0 0 0 0 0 0 0 0 0 0 0 0 0 0 0
##$SHL_SFCOEFFS6= (0..200)
0 0 0 0 0 0 0 0 0 0 0 0 0 0 0 0 0 0 0 0 0 0 0 0 0 0 0 0 0 0 0 0 0 0 0 0
0 0 0 0 0 0 0 0 0 0 0 0 0 0 0 0 0 0 0 0 0 0 0 0 0 0 0 0 0 0 0 0 0 0 0 0
0 0 0 0 0 0 0 0 0 0 0 0 0 0 0 0 0 0 0 0 0 0 0 0 0 0 0 0 0 0 0 0 0 0 0 0
0 0 0 0 0 0 0 0 0 0 0 0 0 0 0 0 0 0 0 0 0 0 0 0 0 0 0 0 0 0 0 0 0 0 0 0
0 0 0 0 0 0 0 0 0 0 0 0 0 0 0 0 0 0 0 0 0 0 0 0 0 0 0 0 0 0 0 0 0 0 0 0
0 0 0 0 0 0 0 0 0 0 0 0 0 0 0 0 0 0 0 0 0
##$SHL_SFCOEFFS7= (0..200)
0 0 0 0 0 0 0 0 0 0 0 0 0 0 0 0 0 0 0 0 0 0 0 0 0 0 0 0 0 0 0 0 0 0 0 0
0 0 0 0 0 0 0 0 0 0 0 0 0 0 0 0 0 0 0 0 0 0 0 0 0 0 0 0 0 0 0 0 0 0 0 0
0 0 0 0 0 0 0 0 0 0 0 0 0 0 0 0 0 0 0 0 0 0 0 0 0 0 0 0 0 0 0 0 0 0 0 0
0 0 0 0 0 0 0 0 0 0 0 0 0 0 0 0 0 0 0 0 0 0 0 0 0 0 0 0 0 0 0 0 0 0 0 0
0 0 0 0 0 0 0 0 0 0 0 0 0 0 0 0 0 0 0 0 0 0 0 0 0 0 0 0 0 0 0 0 0 0 0 0
0 0 0 0 0 0 0 0 0 0 0 0 0 0 0 0 0 0 0 0 0
##$SHL_SFCOEFFS8= (0..200)
0 0 0 0 0 0 0 0 0 0 0 0 0 0 0 0 0 0 0 0 0 0 0 0 0 0 0 0 0 0 0 0 0 0 0 0
0 0 0 0 0 0 0 0 0 0 0 0 0 0 0 0 0 0 0 0 0 0 0 0 0 0 0 0 0 0 0 0 0 0 0 0
0 0 0 0 0 0 0 0 0 0 0 0 0 0 0 0 0 0 0 0 0 0 0 0 0 0 0 0 0 0 0 0 0 0 0 0
0 0 0 0 0 0 0 0 0 0 0 0 0 0 0 0 0 0 0 0 0 0 0 0 0 0 0 0 0 0 0 0 0 0 0 0
0 0 0 0 0 0 0 0 0 0 0 0 0 0 0 0 0 0 0 0 0 0 0 0 0 0 0 0 0 0 0 0 0 0 0 0
0 0 0 0 0 0 0 0 0 0 0 0 0 0 0 0 0 0 0 0 0
##$SHL_SFCOEFFS9= (0..200)
0 0 0 0 0 0 0 0 0 0 0 0 0 0 0 0 0 0 0 0 0 0 0 0 0 0 0 0 0 0 0 0 0 0 0 0
0 0 0 0 0 0 0 0 0 0 0 0 0 0 0 0 0 0 0 0 0 0 0 0 0 0 0 0 0 0 0 0 0 0 0 0
0 0 0 0 0 0 0 0 0 0 0 0 0 0 0 0 0 0 0 0 0 0 0 0 0 0 0 0 0 0 0 0 0 0 0 0
0 0 0 0 0 0 0 0 0 0 0 0 0 0 0 0 0 0 0 0 0 0 0 0 0 0 0 0 0 0 0 0 0 0 0 0
0 0 0 0 0 0 0 0 0 0 0 0 0 0 0 0 0 0 0 0 0 0 0 0 0 0 0 0 0 0 0 0 0 0 0 0
0 0 0 0 0 0 0 0 0 0 0 0 0 0 0 0 0 0 0 0 0
##$SHL_SMOOTHED= (0..15)
0 0 0 0 0 0 0 0 0 0 0 0 0 0 0 0
##$SHL_SMOOTHING= (0..15)
0 0 0 0 0 0 0 0 0 0 0 0 0 0 0 0
##$SHL_SPOAL= (0..15)
0 0 0 0 0 0 0 0 0 0 0 0 0 0 0 0
##$SHL_SPOFFS= (0..15)
0 0 0 0 0 0 0 0 0 0 0 0 0 0 0 0
##$SHL_SPOPH= (0..15)
0 0 0 0 0 0 0 0 0 0 0 0 0 0 0 0
##$SHL_STARTAMP= (0..15)
0 0 0 0 0 0 0 0 0 0 0 0 0 0 0 0
##$SHL_SW= (0..15)
0 0 0 0 0 0 0 0 0 0 0 0 0 0 0 0
##$SHL_SWDIR= (0..15)
-1 -1 -1 -1 -1 -1 -1 -1 -1 -1 -1 -1 -1 -1 -1 -1
##$SHL_TANKAPPA= (0..15)
0 0 0 0 0 0 0 0 0 0 0 0 0 0 0 0
##$SHL_TOTROT= (0..15)
90 0 0 0 0 0 0 0 0 0 0 0 0 0 0 0
##$SHL_TRUNCLEV= (0..15)
0 0 0 0 0 0 0 0 0 0 0 0 0 0 0 0
##$SHL_TYPE= (0..15)
<Excitation> <> <> <> <> <> <> <> <> <> <> <> <> <> <> <>
##$SHL_WINDOWSIZE= (0..15)
0 0 0 0 0 0 0 0 0 0 0 0 0 0 0 0
##$SHL_ZETA= (0..15)
0 0 0 0 0 0 0 0 0 0 0 0 0 0 0 0
##NPOINTS= 1000
##XYPOINTS= (XY..XY)
<<<<<<< HEAD
0.000000, 0.290160
0.200577, 0.870480
0.401871, 1.450800
0.603814, 2.031120
0.806342, 2.611440
1.009388, 3.191760
1.212884, 3.772080
1.416763, 4.352400
1.620958, 4.932720
1.825400, 5.513040
2.030020, 6.093360
2.234749, 6.673680
2.439519, 7.254000
2.644259, 7.834320
2.848898, 8.414640
3.053367, 8.994960
3.257595, 9.575280
3.461511, 10.155600
3.665042, 10.735920
3.868119, 11.316240
4.070669, 11.896560
4.272620, 12.476880
4.473899, 13.057200
4.674435, 13.637520
4.874155, 14.217840
5.072986, 14.798160
5.270854, 15.378480
5.467687, 15.958800
5.663413, 16.539120
5.857957, 17.119440
6.051246, 17.699760
6.243208, 18.280080
6.433768, 18.860400
6.622852, 19.440720
6.810390, 20.021040
6.996305, 20.601360
7.180525, 21.181680
7.362977, 21.762000
7.543587, 22.342320
7.722282, 22.922640
7.898990, 23.502960
8.073637, 24.083280
8.246150, 24.663600
8.416457, 25.243920
8.584484, 25.824240
8.750162, 26.404560
8.913420, 26.984880
9.074174, 27.565200
9.232362, 28.145520
9.387916, 28.725840
9.540760, 29.306160
9.690827, 29.886480
9.838042, 30.466800
9.982338, 31.047120
10.123640, 31.627440
10.261882, 32.207760
10.397000, 32.788080
10.528920, 33.368400
10.657569, 33.948720
10.782891, 34.529040
10.904814, 35.109360
11.023259, 35.689680
11.138180, 36.270000
11.249498, 36.850320
11.357150, 37.430640
11.461077, 38.010960
11.561202, 38.591280
11.657480, 39.171600
11.749828, 39.751920
11.838196, 40.332240
11.922526, 40.912560
12.002743, 41.492880
12.078792, 42.073200
12.150624, 42.653520
12.218160, 43.233840
12.281361, 43.814160
12.340157, 44.394480
12.394496, 44.974800
12.444324, 45.555120
12.489576, 46.135440
12.530206, 46.715760
12.566159, 47.296080
12.597383, 47.876400
12.623818, 48.456720
12.645427, 49.037040
12.662144, 49.617360
12.673930, 50.197680
12.680733, 50.778000
12.682507, 51.358320
12.679197, 51.938640
12.670772, 52.518960
12.657172, 53.099280
12.638369, 53.679600
12.614304, 54.259920
12.584945, 54.840240
12.550247, 55.420560
12.510174, 56.000880
12.464679, 56.581200
12.413737, 57.161520
12.357299, 57.741840
12.295336, 58.322160
12.227811, 58.902480
12.154695, 59.482800
12.075951, 60.063120
11.991547, 60.643440
11.901454, 61.223760
11.805642, 61.804080
11.704090, 62.384400
11.596764, 62.964720
11.483641, 63.545040
11.364696, 64.125360
11.239906, 64.705680
11.109249, 65.286000
10.972710, 65.866320
10.830259, 66.446640
10.681885, 67.026960
10.527569, 67.607280
10.367296, 68.187600
10.201052, 68.767920
10.028824, 69.348240
9.850596, 69.928560
9.666362, 70.508880
9.476112, 71.089200
9.279840, 71.669520
9.077533, 72.249840
8.869188, 72.830160
8.654806, 73.410480
8.434378, 73.990800
8.207905, 74.571120
7.975387, 75.151440
7.736826, 75.731760
7.492224, 76.312080
7.241584, 76.892400
6.984913, 77.472720
6.722217, 78.053040
6.453503, 78.633360
6.178780, 79.213680
5.898061, 79.794000
5.611359, 80.374320
5.318683, 80.954640
5.020052, 81.534960
4.715480, 82.115280
4.404986, 82.695600
4.088588, 83.275920
3.766307, 83.856240
3.438165, 84.436560
3.104185, 85.016880
2.764391, 85.597200
2.418810, 86.177520
2.067469, 86.757840
1.710395, 87.338160
1.347621, 87.918480
0.979177, 88.498800
0.605096, 89.079120
0.225412, 89.659440
0.159840, 270.239760
0.550621, 270.820080
0.946894, 271.400400
1.348619, 271.980720
1.755756, 272.561040
2.168261, 273.141360
2.586090, 273.721680
3.009199, 274.302000
3.437542, 274.882320
3.871069, 275.462640
4.309733, 276.042960
4.753482, 276.623280
5.202265, 277.203600
5.656028, 277.783920
6.114718, 278.364240
6.578277, 278.944560
7.046649, 279.524880
7.519777, 280.105200
7.997600, 280.685520
8.480059, 281.265840
8.967088, 281.846160
9.458625, 282.426480
9.954608, 283.006800
10.454968, 283.587120
10.959637, 284.167440
11.468552, 284.747760
11.981637, 285.328080
12.498827, 285.908400
13.020045, 286.488720
13.545220, 287.069040
14.074278, 287.649360
14.607143, 288.229680
15.143738, 288.810000
15.683986, 289.390320
16.227806, 289.970640
16.775122, 290.550960
17.325851, 291.131280
17.879906, 291.711600
18.437212, 292.291920
18.997678, 292.872240
19.561226, 293.452560
20.127763, 294.032880
20.697200, 294.613200
21.269456, 295.193520
21.844439, 295.773840
22.422053, 296.354160
23.002213, 296.934480
23.584827, 297.514800
24.169797, 298.095120
24.757034, 298.675440
25.346440, 299.255760
25.937918, 299.836080
26.531378, 300.416400
27.126711, 300.996720
27.723832, 301.577040
28.322629, 302.157360
28.923011, 302.737680
29.524874, 303.318000
30.128115, 303.898320
30.732635, 304.478640
31.338329, 305.058960
31.945096, 305.639280
32.552824, 306.219600
33.161417, 306.799920
33.770768, 307.380240
34.380767, 307.960560
34.991311, 308.540880
35.602290, 309.121200
36.213595, 309.701520
36.825119, 310.281840
37.436751, 310.862160
38.048385, 311.442480
38.659910, 312.022800
39.271217, 312.603120
39.882187, 313.183440
40.492719, 313.763760
41.102698, 314.344080
41.712003, 314.924400
42.320539, 315.504720
42.928176, 316.085040
43.534812, 316.665360
44.140324, 317.245680
44.744610, 317.826000
45.347544, 318.406320
45.949025, 318.986640
46.548927, 319.566960
47.147141, 320.147280
47.743549, 320.727600
48.338039, 321.307920
48.930495, 321.888240
49.520804, 322.468560
50.108849, 323.048880
50.694512, 323.629200
51.277681, 324.209520
51.858246, 324.789840
52.436080, 325.370160
53.011073, 325.950480
53.583114, 326.530800
54.152086, 327.111120
54.717868, 327.691440
55.280352, 328.271760
55.839428, 328.852080
56.394969, 329.432400
56.946874, 330.012720
57.495017, 330.593040
58.039289, 331.173360
58.579573, 331.753680
59.115770, 332.334000
59.647744, 332.914320
60.175407, 333.494640
60.698634, 334.074960
61.217308, 334.655280
61.731324, 335.235600
62.240575, 335.815920
62.744948, 336.396240
63.244336, 336.976560
63.738619, 337.556880
64.227700, 338.137200
64.711459, 338.717520
65.189801, 339.297840
65.662607, 339.878160
66.129783, 340.458480
66.591211, 341.038800
67.046791, 341.619120
67.496412, 342.199440
67.939978, 342.779760
68.377389, 343.360080
68.808538, 343.940400
69.233321, 344.520720
69.651641, 345.101040
70.063394, 345.681360
70.468475, 346.261680
70.866802, 346.842000
71.258272, 347.422320
71.642775, 348.002640
72.020230, 348.582960
72.390537, 349.163280
72.753608, 349.743600
73.109346, 350.323920
73.457654, 350.904240
73.798447, 351.484560
74.131630, 352.064880
74.457129, 352.645200
74.774833, 353.225520
75.084679, 353.805840
75.386568, 354.386160
75.680412, 354.966480
75.966140, 355.546800
76.243668, 356.127120
76.512910, 356.707440
76.773791, 357.287760
77.026227, 357.868080
77.270148, 358.448400
77.505472, 359.028720
77.732130, 359.609040
77.950044, 0.189360
78.159147, 0.769680
78.359364, 1.350000
78.550630, 1.930320
78.732872, 2.510640
78.906029, 3.090960
79.070042, 3.671280
79.224831, 4.251600
79.370339, 4.831920
79.506510, 5.412240
79.633290, 5.992560
79.750606, 6.572880
79.858416, 7.153200
79.956651, 7.733520
80.045271, 8.313840
80.124221, 8.894160
80.193454, 9.474480
80.252907, 10.054800
80.302547, 10.635120
80.342333, 11.215440
80.372197, 11.795760
80.392120, 12.376080
80.402056, 12.956400
80.401952, 13.536720
80.391793, 14.117040
80.371530, 14.697360
80.341131, 15.277680
80.300560, 15.858000
80.249791, 16.438320
80.188788, 17.018640
80.117538, 17.598960
80.036001, 18.179280
79.944166, 18.759600
79.841996, 19.339920
79.729485, 19.920240
79.606598, 20.500560
79.473332, 21.080880
79.329667, 21.661200
79.175583, 22.241520
79.011082, 22.821840
78.836140, 23.402160
78.650760, 23.982480
78.454932, 24.562800
78.248645, 25.143120
78.031900, 25.723440
77.804699, 26.303760
77.567038, 26.884080
77.318923, 27.464400
77.060353, 28.044720
76.791338, 28.625040
76.511888, 29.205360
76.222008, 29.785680
75.921713, 30.366000
75.611020, 30.946320
75.289929, 31.526640
74.958469, 32.106960
74.616663, 32.687280
74.264517, 33.267600
73.902065, 33.847920
73.529325, 34.428240
73.146318, 35.008560
72.753084, 35.588880
72.349647, 36.169200
71.936040, 36.749520
71.512291, 37.329840
71.078439, 37.910160
70.634515, 38.490480
70.180560, 39.070800
69.716624, 39.651120
69.242730, 40.231440
68.758938, 40.811760
68.265289, 41.392080
67.761826, 41.972400
67.248600, 42.552720
66.725657, 43.133040
66.193058, 43.713360
65.650861, 44.293680
65.099102, 44.874000
64.537863, 45.454320
63.967183, 46.034640
63.387133, 46.614960
62.797771, 47.195280
62.199164, 47.775600
61.591379, 48.355920
60.974486, 48.936240
60.348550, 49.516560
59.713638, 50.096880
59.069830, 50.677200
58.417196, 51.257520
57.755814, 51.837840
57.085757, 52.418160
56.407111, 52.998480
55.719953, 53.578800
55.024366, 54.159120
54.320425, 54.739440
53.608227, 55.319760
52.887855, 55.900080
52.159398, 56.480400
51.422937, 57.060720
50.678576, 57.641040
49.926396, 58.221360
49.166500, 58.801680
48.398979, 59.382000
47.623930, 59.962320
46.841448, 60.542640
46.051640, 61.122960
45.254602, 61.703280
44.450438, 62.283600
43.639248, 62.863920
42.821142, 63.444240
41.996224, 64.024560
41.164601, 64.604880
40.326384, 65.185200
39.481680, 65.765520
38.630599, 66.345840
37.773257, 66.926160
36.909766, 67.506480
36.040240, 68.086800
35.164794, 68.667120
34.283550, 69.247440
33.396620, 69.827760
32.504126, 70.408080
31.606191, 70.988400
30.702929, 71.568720
29.794469, 72.149040
28.880929, 72.729360
27.962437, 73.309680
27.039119, 73.890000
26.111096, 74.470320
25.178500, 75.050640
24.241455, 75.630960
23.300092, 76.211280
22.354541, 76.791600
21.404929, 77.371920
20.451392, 77.952240
19.494060, 78.532560
18.533065, 79.112880
17.568540, 79.693200
16.600619, 80.273520
15.629439, 80.853840
14.655133, 81.434160
13.677839, 82.014480
12.697693, 82.594800
11.714831, 83.175120
10.729393, 83.755440
9.741515, 84.335760
8.751338, 84.916080
7.758999, 85.496400
6.764641, 86.076720
5.768401, 86.657040
4.770421, 87.237360
3.770843, 87.817680
2.769806, 88.398000
1.767453, 88.978320
0.763927, 89.558640
0.240632, 270.138960
1.246080, 270.719280
2.252274, 271.299600
3.259072, 271.879920
4.266331, 272.460240
5.273907, 273.040560
6.281657, 273.620880
7.289437, 274.201200
8.297104, 274.781520
9.304514, 275.361840
10.311524, 275.942160
11.317990, 276.522480
12.323768, 277.102800
13.328715, 277.683120
14.332688, 278.263440
15.335542, 278.843760
16.337136, 279.424080
17.337325, 280.004400
18.335967, 280.584720
19.332920, 281.165040
20.328041, 281.745360
21.321188, 282.325680
22.312218, 282.906000
23.300990, 283.486320
24.287365, 284.066640
25.271199, 284.646960
26.252352, 285.227280
27.230687, 285.807600
28.206062, 286.387920
29.178337, 286.968240
30.147374, 287.548560
31.113036, 288.128880
32.075186, 288.709200
33.033687, 289.289520
33.988400, 289.869840
34.939190, 290.450160
35.885923, 291.030480
36.828463, 291.610800
37.766677, 292.191120
38.700435, 292.771440
39.629601, 293.351760
40.554044, 293.932080
41.473633, 294.512400
42.388237, 295.092720
43.297731, 295.673040
44.201984, 296.253360
45.100866, 296.833680
45.994257, 297.414000
46.882025, 297.994320
47.764047, 298.574640
48.640201, 299.154960
49.510362, 299.735280
50.374412, 300.315600
51.232230, 300.895920
52.083691, 301.476240
52.928682, 302.056560
53.767084, 302.636880
54.598782, 303.217200
55.423653, 303.797520
56.241595, 304.377840
57.052490, 304.958160
57.856224, 305.538480
58.652687, 306.118800
59.441770, 306.699120
60.223369, 307.279440
60.997372, 307.859760
61.763679, 308.440080
62.522186, 309.020400
63.272782, 309.600720
64.015372, 310.181040
64.749862, 310.761360
65.476140, 311.341680
66.194121, 311.922000
66.903702, 312.502320
67.604788, 313.082640
68.297291, 313.662960
68.981120, 314.243280
69.656176, 314.823600
70.322386, 315.403920
70.979646, 315.984240
71.627884, 316.564560
72.267009, 317.144880
72.896945, 317.725200
73.517602, 318.305520
74.128908, 318.885840
74.730784, 319.466160
75.323154, 320.046480
75.905948, 320.626800
76.479087, 321.207120
77.042497, 321.787440
77.596115, 322.367760
78.139874, 322.948080
78.673713, 323.528400
79.197552, 324.108720
79.711341, 324.689040
80.215019, 325.269360
80.708517, 325.849680
81.191793, 326.430000
81.664772, 327.010320
82.127417, 327.590640
82.579673, 328.170960
83.021480, 328.751280
83.452805, 329.331600
83.873582, 329.911920
84.283782, 330.492240
84.683359, 331.072560
85.072262, 331.652880
85.450466, 332.233200
85.817924, 332.813520
86.174598, 333.393840
86.520460, 333.974160
86.855475, 334.554480
87.179612, 335.134800
87.492840, 335.715120
87.795139, 336.295440
88.086482, 336.875760
88.366844, 337.456080
88.636210, 338.036400
88.894550, 338.616720
89.141853, 339.197040
89.378101, 339.777360
89.603287, 340.357680
89.817388, 340.938000
90.020400, 341.518320
90.212313, 342.098640
90.393128, 342.678960
90.562827, 343.259280
90.721425, 343.839600
90.868900, 344.419920
91.005268, 345.000240
91.130529, 345.580560
91.244697, 346.160880
91.347755, 346.741200
91.439727, 347.321520
91.520623, 347.901840
91.590460, 348.482160
91.649240, 349.062480
91.696985, 349.642800
91.733711, 350.223120
91.759443, 350.803440
91.774189, 351.383760
91.777980, 351.964080
91.770848, 352.544400
91.752814, 353.124720
91.723906, 353.705040
91.684149, 354.285360
91.633582, 354.865680
91.572226, 355.446000
91.500143, 356.026320
91.417336, 356.606640
91.323871, 357.186960
91.219786, 357.767280
91.105109, 358.347600
90.979891, 358.927920
90.844174, 359.508240
90.698012, 0.088560
90.541460, 0.668880
90.374546, 1.249200
90.197348, 1.829520
90.009907, 2.409840
89.812275, 2.990160
89.604515, 3.570480
89.386682, 4.150800
89.158844, 4.731120
88.921057, 5.311440
88.673393, 5.891760
88.415903, 6.472080
88.148658, 7.052400
87.871734, 7.632720
87.585185, 8.213040
87.289100, 8.793360
86.983547, 9.373680
86.668586, 9.954000
86.344308, 10.534320
86.010786, 11.114640
85.668094, 11.694960
85.316319, 12.275280
84.955536, 12.855600
84.585824, 13.435920
84.207273, 14.016240
83.819963, 14.596560
83.423987, 15.176880
83.019427, 15.757200
82.606370, 16.337520
82.184909, 16.917840
81.755142, 17.498160
81.317149, 18.078480
80.871036, 18.658800
80.416886, 19.239120
79.954800, 19.819440
79.484880, 20.399760
79.007210, 20.980080
78.521906, 21.560400
78.029052, 22.140720
77.528766, 22.721040
77.021136, 23.301360
76.506280, 23.881680
75.984289, 24.462000
75.455273, 25.042320
74.919334, 25.622640
74.376584, 26.202960
73.827127, 26.783280
73.271086, 27.363600
72.708548, 27.943920
72.139638, 28.524240
71.564472, 29.104560
70.983139, 29.684880
70.395776, 30.265200
69.802491, 30.845520
69.203386, 31.425840
68.598589, 32.006160
67.988212, 32.586480
67.372376, 33.166800
66.751184, 33.747120
66.124767, 34.327440
65.493231, 34.907760
64.856707, 35.488080
64.215310, 36.068400
63.569155, 36.648720
62.918360, 37.229040
62.263055, 37.809360
61.603360, 38.389680
60.939390, 38.970000
60.271272, 39.550320
59.599124, 40.130640
58.923071, 40.710960
58.243235, 41.291280
57.559739, 41.871600
56.872706, 42.451920
56.182261, 43.032240
55.488524, 43.612560
54.791624, 44.192880
54.091680, 44.773200
53.388821, 45.353520
52.683173, 45.933840
51.974851, 46.514160
51.263984, 47.094480
50.550704, 47.674800
49.835120, 48.255120
49.117374, 48.835440
48.397579, 49.415760
47.675864, 49.996080
46.952348, 50.576400
46.227160, 51.156720
45.500427, 51.737040
44.772270, 52.317360
44.042814, 52.897680
43.312176, 53.478000
42.580486, 54.058320
41.847871, 54.638640
41.114445, 55.218960
40.380333, 55.799280
39.645661, 56.379600
38.910547, 56.959920
38.175115, 57.540240
37.439490, 58.120560
36.703789, 58.700880
35.968130, 59.281200
35.232636, 59.861520
34.497422, 60.441840
33.762617, 61.022160
33.028330, 61.602480
32.294687, 62.182800
31.561797, 62.763120
30.829785, 63.343440
30.098760, 63.923760
29.368844, 64.504080
28.640150, 65.084400
27.912794, 65.664720
27.186887, 66.245040
26.462540, 66.825360
25.739868, 67.405680
25.018987, 67.986000
24.299999, 68.566320
23.583023, 69.146640
22.868163, 69.726960
22.155528, 70.307280
21.445224, 70.887600
20.737363, 71.467920
20.032046, 72.048240
19.329382, 72.628560
18.629474, 73.208880
17.932422, 73.789200
17.238332, 74.369520
16.547304, 74.949840
15.859438, 75.530160
15.174832, 76.110480
14.493588, 76.690800
13.815801, 77.271120
13.141566, 77.851440
12.470980, 78.431760
11.804138, 79.012080
11.141131, 79.592400
10.482052, 80.172720
9.826991, 80.753040
9.176039, 81.333360
8.529282, 81.913680
7.886811, 82.494000
7.248709, 83.074320
6.615063, 83.654640
5.985955, 84.234960
5.361469, 84.815280
4.741685, 85.395600
4.126685, 85.975920
3.516546, 86.556240
2.911347, 87.136560
2.311164, 87.716880
1.716071, 88.297200
1.126142, 88.877520
0.541450, 89.457840
0.037934, 270.038160
0.611941, 270.618480
1.180501, 271.198800
1.743549, 271.779120
2.301018, 272.359440
2.852844, 272.939760
3.398964, 273.520080
3.939317, 274.100400
4.473843, 274.680720
5.002482, 275.261040
5.525177, 275.841360
6.041872, 276.421680
6.552514, 277.002000
7.057048, 277.582320
7.555423, 278.162640
8.047589, 278.742960
8.533496, 279.323280
9.013100, 279.903600
9.486351, 280.483920
9.953208, 281.064240
10.413626, 281.644560
10.867564, 282.224880
11.314983, 282.805200
11.755843, 283.385520
12.190108, 283.965840
12.617744, 284.546160
13.038712, 285.126480
13.452983, 285.706800
13.860528, 286.287120
14.261312, 286.867440
14.655309, 287.447760
15.042495, 288.028080
15.422842, 288.608400
15.796330, 289.188720
16.162931, 289.769040
16.522626, 290.349360
16.875401, 290.929680
17.221233, 291.510000
17.560106, 292.090320
17.892008, 292.670640
18.216924, 293.250960
18.534842, 293.831280
18.845754, 294.411600
19.149646, 294.991920
19.446519, 295.572240
19.736357, 296.152560
20.019166, 296.732880
20.294936, 297.313200
20.563667, 297.893520
20.825362, 298.473840
21.080018, 299.054160
21.327637, 299.634480
21.568228, 300.214800
21.801795, 300.795120
22.028347, 301.375440
22.247889, 301.955760
22.460430, 302.536080
22.665986, 303.116400
22.864569, 303.696720
23.056188, 304.277040
23.240862, 304.857360
23.418610, 305.437680
23.589447, 306.018000
23.753395, 306.598320
23.910471, 307.178640
24.060706, 307.758960
24.204108, 308.339280
24.340717, 308.919600
24.470556, 309.499920
24.593648, 310.080240
24.710024, 310.660560
24.819712, 311.240880
24.922745, 311.821200
25.019159, 312.401520
25.108984, 312.981840
25.192257, 313.562160
25.269011, 314.142480
25.339286, 314.722800
25.403117, 315.303120
25.460547, 315.883440
25.511620, 316.463760
25.556373, 317.044080
25.594854, 317.624400
25.627103, 318.204720
25.653168, 318.785040
25.673091, 319.365360
25.686932, 319.945680
25.694719, 320.526000
25.696521, 321.106320
25.692385, 321.686640
25.682357, 322.266960
25.666487, 322.847280
25.644840, 323.427600
25.617466, 324.007920
25.584416, 324.588240
25.545752, 325.168560
25.501533, 325.748880
25.451815, 326.329200
25.396660, 326.909520
25.336116, 327.489840
25.270265, 328.070160
25.199156, 328.650480
25.122846, 329.230800
25.041413, 329.811120
24.954916, 330.391440
24.863425, 330.971760
24.766991, 331.552080
24.665695, 332.132400
24.559599, 332.712720
24.448777, 333.293040
24.333291, 333.873360
24.213216, 334.453680
24.088608, 335.034000
23.959560, 335.614320
23.826131, 336.194640
23.688396, 336.774960
23.546424, 337.355280
23.400292, 337.935600
23.250069, 338.515920
23.095842, 339.096240
22.937674, 339.676560
22.775644, 340.256880
22.609822, 340.837200
22.440289, 341.417520
22.267127, 341.997840
22.090408, 342.578160
21.910215, 343.158480
21.726610, 343.738800
21.539696, 344.319120
21.349527, 344.899440
21.156197, 345.479760
20.959779, 346.060080
20.760359, 346.640400
20.558002, 347.220720
20.352811, 347.801040
20.144843, 348.381360
19.934203, 348.961680
19.720946, 349.542000
19.505169, 350.122320
19.286948, 350.702640
19.066368, 351.282960
18.843496, 351.863280
18.618439, 352.443600
18.391253, 353.023920
18.162035, 353.604240
17.930860, 354.184560
17.697817, 354.764880
17.462972, 355.345200
17.226420, 355.925520
16.988240, 356.505840
16.748508, 357.086160
16.507320, 357.666480
16.264733, 358.246800
16.020853, 358.827120
15.775746, 359.407440
15.529490, 359.987760
15.282179, 0.568080
15.033890, 1.148400
14.784688, 1.728720
14.534679, 2.309040
14.283918, 2.889360
14.032501, 3.469680
13.780501, 4.050000
13.527994, 4.630320
13.275074, 5.210640
13.021794, 5.790960
12.768249, 6.371280
12.514521, 6.951600
12.260674, 7.531920
12.006790, 8.112240
11.752951, 8.692560
11.499229, 9.272880
11.245696, 9.853200
10.992432, 10.433520
10.739508, 11.013840
10.487003, 11.594160
10.234988, 12.174480
9.983541, 12.754800
9.732732, 13.335120
9.482621, 13.915440
9.233294, 14.495760
8.984820, 15.076080
8.737266, 15.656400
8.490705, 16.236720
8.245204, 16.817040
8.000833, 17.397360
7.757659, 17.977680
7.515750, 18.558000
7.275172, 19.138320
7.035991, 19.718640
6.798273, 20.298960
6.562081, 20.879280
6.327480, 21.459600
6.094534, 22.039920
5.863303, 22.620240
5.633850, 23.200560
5.406237, 23.780880
5.180521, 24.361200
4.956764, 24.941520
4.735023, 25.521840
4.515355, 26.102160
4.297818, 26.682480
4.082468, 27.262800
3.869359, 27.843120
3.658547, 28.423440
3.450083, 29.003760
3.244021, 29.584080
3.040413, 30.164400
2.839309, 30.744720
2.640759, 31.325040
2.444811, 31.905360
2.251515, 32.485680
2.060916, 33.066000
1.873061, 33.646320
1.687996, 34.226640
1.505764, 34.806960
1.326409, 35.387280
1.149973, 35.967600
0.976497, 36.547920
0.806022, 37.128240
0.638586, 37.708560
0.474230, 38.288880
0.312989, 38.869200
0.154901, 39.449520
0.000000, 40.029840
##END=
##XYPOINTS= (XY..XY)
0.000000, 0.000000
0.200600, 0.000000
0.401999, 0.000000
0.604194, 0.000000
0.807180, 0.000000
1.010956, 0.000000
1.215517, 0.000000
1.420861, 0.000000
1.626984, 0.000000
1.833883, 0.000000
2.041554, 0.000000
2.249995, 0.000000
2.459202, 0.000000
2.669172, 0.000000
2.879900, 0.000000
3.091385, 0.000000
3.303621, 0.000000
3.516607, 0.000000
3.730337, 0.000000
3.944810, 0.000000
4.160021, 0.000000
4.375966, 0.000000
4.592642, 0.000000
4.810046, 0.000000
5.028173, 0.000000
5.247021, 0.000000
5.466585, 0.000000
5.686861, 0.000000
5.907847, 0.000000
6.129537, 0.000000
6.351929, 0.000000
6.575019, 0.000000
6.798802, 0.000000
7.023275, 0.000000
7.248435, 0.000000
7.474276, 0.000000
7.700796, 0.000000
7.927990, 0.000000
8.155854, 0.000000
8.384384, 0.000000
8.613577, 0.000000
8.843428, 0.000000
9.073933, 0.000000
9.305089, 0.000000
9.536890, 0.000000
9.769334, 0.000000
10.002420, 0.000000
10.236130, 0.000000
10.470470, 0.000000
10.705440, 0.000000
10.941030, 0.000000
11.177240, 0.000000
11.414060, 0.000000
11.651490, 0.000000
11.889520, 0.000000
12.128150, 0.000000
12.367380, 0.000000
12.607200, 0.000000
12.847600, 0.000000
13.088590, 0.000000
13.330160, 0.000000
13.572290, 0.000000
13.815000, 0.000000
14.058270, 0.000000
14.302100, 0.000000
14.546490, 0.000000
14.791420, 0.000000
15.036910, 0.000000
15.282930, 0.000000
15.529490, 0.000000
15.776590, 0.000000
16.024210, 0.000000
16.272350, 0.000000
16.521020, 0.000000
16.770190, 0.000000
17.019880, 0.000000
17.270070, 0.000000
17.520760, 0.000000
17.771950, 0.000000
18.023620, 0.000000
18.275780, 0.000000
18.528420, 0.000000
18.781540, 0.000000
19.035120, 0.000000
19.289180, 0.000000
19.543690, 0.000000
19.798660, 0.000000
20.054080, 0.000000
20.309950, 0.000000
20.566250, 0.000000
20.823000, 0.000000
21.080170, 0.000000
21.337780, 0.000000
21.595800, 0.000000
21.854240, 0.000000
22.113090, 0.000000
22.372350, 0.000000
22.632000, 0.000000
22.892060, 0.000000
23.152500, 0.000000
23.413330, 0.000000
23.674540, 0.000000
23.936130, 0.000000
24.198090, 0.000000
24.460410, 0.000000
24.723090, 0.000000
24.986120, 0.000000
25.249510, 0.000000
25.513240, 0.000000
25.777310, 0.000000
26.041710, 0.000000
26.306440, 0.000000
26.571490, 0.000000
26.836870, 0.000000
27.102550, 0.000000
27.368540, 0.000000
27.634830, 0.000000
27.901420, 0.000000
28.168300, 0.000000
28.435470, 0.000000
28.702910, 0.000000
28.970630, 0.000000
29.238620, 0.000000
29.506880, 0.000000
29.775390, 0.000000
30.044150, 0.000000
30.313170, 0.000000
30.582420, 0.000000
30.851910, 0.000000
31.121630, 0.000000
31.391580, 0.000000
31.661750, 0.000000
31.932130, 0.000000
32.202720, 0.000000
32.473520, 0.000000
32.744510, 0.000000
33.015690, 0.000000
33.287060, 0.000000
33.558620, 0.000000
33.830340, 0.000000
34.102240, 0.000000
34.374300, 0.000000
34.646520, 0.000000
34.918890, 0.000000
35.191410, 0.000000
35.464070, 0.000000
35.736870, 0.000000
36.009800, 0.000000
36.282850, 0.000000
36.556020, 0.000000
36.829300, 0.000000
37.102690, 0.000000
37.376180, 0.000000
37.649770, 0.000000
37.923450, 0.000000
38.197210, 0.000000
38.471050, 0.000000
38.744960, 0.000000
39.018940, 0.000000
39.292990, 0.000000
39.567080, 0.000000
39.841230, 0.000000
40.115420, 0.000000
40.389650, 0.000000
40.663910, 0.000000
40.938200, 0.000000
41.212510, 0.000000
41.486830, 0.000000
41.761160, 0.000000
42.035500, 0.000000
42.309830, 0.000000
42.584150, 0.000000
42.858460, 0.000000
43.132750, 0.000000
43.407020, 0.000000
43.681250, 0.000000
43.955440, 0.000000
44.229590, 0.000000
44.503690, 0.000000
44.777730, 0.000000
45.051720, 0.000000
45.325630, 0.000000
45.599480, 0.000000
45.873240, 0.000000
46.146920, 0.000000
46.420510, 0.000000
46.694000, 0.000000
46.967390, 0.000000
47.240670, 0.000000
47.513830, 0.000000
47.786880, 0.000000
48.059800, 0.000000
48.332580, 0.000000
48.605230, 0.000000
48.877730, 0.000000
49.150090, 0.000000
49.422290, 0.000000
49.694320, 0.000000
49.966190, 0.000000
50.237890, 0.000000
50.509400, 0.000000
50.780730, 0.000000
51.051870, 0.000000
51.322810, 0.000000
51.593550, 0.000000
51.864080, 0.000000
52.134390, 0.000000
52.404490, 0.000000
52.674350, 0.000000
52.943990, 0.000000
53.213380, 0.000000
53.482530, 0.000000
53.751430, 0.000000
54.020070, 0.000000
54.288450, 0.000000
54.556560, 0.000000
54.824400, 0.000000
55.091950, 0.000000
55.359220, 0.000000
55.626200, 0.000000
55.892880, 0.000000
56.159260, 0.000000
56.425330, 0.000000
56.691080, 0.000000
56.956510, 0.000000
57.221610, 0.000000
57.486380, 0.000000
57.750810, 0.000000
58.014900, 0.000000
58.278630, 0.000000
58.542010, 0.000000
58.805030, 0.000000
59.067670, 0.000000
59.329950, 0.000000
59.591840, 0.000000
59.853350, 0.000000
60.114460, 0.000000
60.375180, 0.000000
60.635490, 0.000000
60.895400, 0.000000
61.154890, 0.000000
61.413960, 0.000000
61.672600, 0.000000
61.930810, 0.000000
62.188580, 0.000000
62.445910, 0.000000
62.702790, 0.000000
62.959210, 0.000000
63.215170, 0.000000
63.470670, 0.000000
63.725690, 0.000000
63.980230, 0.000000
64.234290, 0.000000
64.487860, 0.000000
64.740930, 0.000000
64.993500, 0.000000
65.245570, 0.000000
65.497120, 0.000000
65.748160, 0.000000
65.998670, 0.000000
66.248650, 0.000000
66.498090, 0.000000
66.747000, 0.000000
66.995350, 0.000000
67.243160, 0.000000
67.490410, 0.000000
67.737090, 0.000000
67.983200, 0.000000
68.228740, 0.000000
68.473700, 0.000000
68.718080, 0.000000
68.961860, 0.000000
69.205050, 0.000000
69.447630, 0.000000
69.689610, 0.000000
69.930970, 0.000000
70.171720, 0.000000
70.411840, 0.000000
70.651330, 0.000000
70.890180, 0.000000
71.128390, 0.000000
71.365960, 0.000000
71.602880, 0.000000
71.839140, 0.000000
72.074740, 0.000000
72.309670, 0.000000
72.543920, 0.000000
72.777500, 0.000000
73.010400, 0.000000
73.242600, 0.000000
73.474110, 0.000000
73.704920, 0.000000
73.935030, 0.000000
74.164430, 0.000000
74.393110, 0.000000
74.621070, 0.000000
74.848300, 0.000000
75.074810, 0.000000
75.300570, 0.000000
75.525600, 0.000000
75.749880, 0.000000
75.973400, 0.000000
76.196170, 0.000000
76.418180, 0.000000
76.639420, 0.000000
76.859890, 0.000000
77.079580, 0.000000
77.298490, 0.000000
77.516610, 0.000000
77.733940, 0.000000
77.950470, 0.000000
78.166200, 0.000000
78.381120, 0.000000
78.595230, 0.000000
78.808520, 0.000000
79.020990, 0.000000
79.232640, 0.000000
79.443450, 0.000000
79.653420, 0.000000
79.862550, 0.000000
80.070840, 0.000000
80.278270, 0.000000
80.484850, 0.000000
80.690560, 0.000000
80.895410, 0.000000
81.099390, 0.000000
81.302500, 0.000000
81.504720, 0.000000
81.706060, 0.000000
81.906520, 0.000000
82.106070, 0.000000
82.304730, 0.000000
82.502490, 0.000000
82.699330, 0.000000
82.895270, 0.000000
83.090290, 0.000000
83.284390, 0.000000
83.477560, 0.000000
83.669800, 0.000000
83.861100, 0.000000
84.051470, 0.000000
84.240890, 0.000000
84.429370, 0.000000
84.616890, 0.000000
84.803460, 0.000000
84.989060, 0.000000
85.173700, 0.000000
85.357370, 0.000000
85.540060, 0.000000
85.721780, 0.000000
85.902510, 0.000000
86.082260, 0.000000
86.261020, 0.000000
86.438780, 0.000000
86.615540, 0.000000
86.791300, 0.000000
86.966050, 0.000000
87.139790, 0.000000
87.312510, 0.000000
87.484210, 0.000000
87.654890, 0.000000
87.824540, 0.000000
87.993160, 0.000000
88.160750, 0.000000
88.327290, 0.000000
88.492790, 0.000000
88.657250, 0.000000
88.820650, 0.000000
88.983000, 0.000000
89.144290, 0.000000
89.304510, 0.000000
89.463670, 0.000000
89.621760, 0.000000
89.778780, 0.000000
89.934720, 0.000000
90.089580, 0.000000
90.243350, 0.000000
90.396030, 0.000000
90.547630, 0.000000
90.698120, 0.000000
90.847520, 0.000000
90.995820, 0.000000
91.143010, 0.000000
91.289090, 0.000000
91.434050, 0.000000
91.577900, 0.000000
91.720640, 0.000000
91.862240, 0.000000
92.002730, 0.000000
92.142080, 0.000000
92.280300, 0.000000
92.417380, 0.000000
92.553320, 0.000000
92.688120, 0.000000
92.821780, 0.000000
92.954290, 0.000000
93.085640, 0.000000
93.215840, 0.000000
93.344880, 0.000000
93.472760, 0.000000
93.599470, 0.000000
93.725020, 0.000000
93.849400, 0.000000
93.972610, 0.000000
94.094630, 0.000000
94.215480, 0.000000
94.335150, 0.000000
94.453640, 0.000000
94.570930, 0.000000
94.687040, 0.000000
94.801950, 0.000000
94.915670, 0.000000
95.028190, 0.000000
95.139510, 0.000000
95.249620, 0.000000
95.358530, 0.000000
95.466230, 0.000000
95.572720, 0.000000
95.677990, 0.000000
95.782050, 0.000000
95.884890, 0.000000
95.986510, 0.000000
96.086910, 0.000000
96.186080, 0.000000
96.284020, 0.000000
96.380730, 0.000000
96.476210, 0.000000
96.570450, 0.000000
96.663450, 0.000000
96.755220, 0.000000
96.845740, 0.000000
96.935020, 0.000000
97.023060, 0.000000
97.109840, 0.000000
97.195380, 0.000000
97.279660, 0.000000
97.362690, 0.000000
97.444470, 0.000000
97.524980, 0.000000
97.604240, 0.000000
97.682230, 0.000000
97.758960, 0.000000
97.834430, 0.000000
97.908620, 0.000000
97.981550, 0.000000
98.053210, 0.000000
98.123600, 0.000000
98.192710, 0.000000
98.260540, 0.000000
98.327100, 0.000000
98.392380, 0.000000
98.456380, 0.000000
98.519100, 0.000000
98.580530, 0.000000
98.640680, 0.000000
98.699540, 0.000000
98.757120, 0.000000
98.813400, 0.000000
98.868400, 0.000000
98.922100, 0.000000
98.974510, 0.000000
99.025630, 0.000000
99.075450, 0.000000
99.123970, 0.000000
99.171200, 0.000000
99.217120, 0.000000
99.261750, 0.000000
99.305080, 0.000000
99.347100, 0.000000
99.387820, 0.000000
99.427240, 0.000000
99.465350, 0.000000
99.502160, 0.000000
99.537660, 0.000000
99.571850, 0.000000
99.604730, 0.000000
99.636300, 0.000000
99.666570, 0.000000
99.695520, 0.000000
99.723160, 0.000000
99.749490, 0.000000
99.774510, 0.000000
99.798210, 0.000000
99.820600, 0.000000
99.841680, 0.000000
99.861440, 0.000000
99.879890, 0.000000
99.897020, 0.000000
99.912830, 0.000000
99.927330, 0.000000
99.940510, 0.000000
99.952370, 0.000000
99.962920, 0.000000
99.972150, 0.000000
99.980060, 0.000000
99.986650, 0.000000
99.991920, 0.000000
99.995880, 0.000000
99.998520, 0.000000
99.999840, 0.000000
99.999840, 0.000000
99.998520, 0.000000
99.995880, 0.000000
99.991920, 0.000000
99.986650, 0.000000
99.980060, 0.000000
99.972150, 0.000000
99.962920, 0.000000
99.952370, 0.000000
99.940510, 0.000000
99.927330, 0.000000
99.912830, 0.000000
99.897020, 0.000000
99.879890, 0.000000
99.861440, 0.000000
99.841680, 0.000000
99.820600, 0.000000
99.798210, 0.000000
99.774510, 0.000000
99.749490, 0.000000
99.723160, 0.000000
99.695520, 0.000000
99.666570, 0.000000
99.636300, 0.000000
99.604730, 0.000000
99.571850, 0.000000
99.537660, 0.000000
99.502160, 0.000000
99.465350, 0.000000
99.427240, 0.000000
99.387820, 0.000000
99.347100, 0.000000
99.305080, 0.000000
99.261750, 0.000000
99.217120, 0.000000
99.171200, 0.000000
99.123970, 0.000000
99.075450, 0.000000
99.025630, 0.000000
98.974510, 0.000000
98.922100, 0.000000
98.868400, 0.000000
98.813400, 0.000000
98.757120, 0.000000
98.699540, 0.000000
98.640680, 0.000000
98.580530, 0.000000
98.519100, 0.000000
98.456380, 0.000000
98.392380, 0.000000
98.327100, 0.000000
98.260540, 0.000000
98.192710, 0.000000
98.123600, 0.000000
98.053210, 0.000000
97.981550, 0.000000
97.908620, 0.000000
97.834430, 0.000000
97.758960, 0.000000
97.682230, 0.000000
97.604240, 0.000000
97.524980, 0.000000
97.444470, 0.000000
97.362690, 0.000000
97.279660, 0.000000
97.195380, 0.000000
97.109840, 0.000000
97.023060, 0.000000
96.935020, 0.000000
96.845740, 0.000000
96.755220, 0.000000
96.663450, 0.000000
96.570450, 0.000000
96.476210, 0.000000
96.380730, 0.000000
96.284020, 0.000000
96.186080, 0.000000
96.086910, 0.000000
95.986510, 0.000000
95.884890, 0.000000
95.782050, 0.000000
95.677990, 0.000000
95.572720, 0.000000
95.466230, 0.000000
95.358530, 0.000000
95.249620, 0.000000
95.139510, 0.000000
95.028190, 0.000000
94.915670, 0.000000
94.801950, 0.000000
94.687040, 0.000000
94.570930, 0.000000
94.453640, 0.000000
94.335150, 0.000000
94.215480, 0.000000
94.094630, 0.000000
93.972610, 0.000000
93.849400, 0.000000
93.725020, 0.000000
93.599470, 0.000000
93.472760, 0.000000
93.344880, 0.000000
93.215840, 0.000000
93.085640, 0.000000
92.954290, 0.000000
92.821780, 0.000000
92.688120, 0.000000
92.553320, 0.000000
92.417380, 0.000000
92.280300, 0.000000
92.142080, 0.000000
92.002730, 0.000000
91.862240, 0.000000
91.720640, 0.000000
91.577900, 0.000000
91.434050, 0.000000
91.289090, 0.000000
91.143010, 0.000000
90.995820, 0.000000
90.847520, 0.000000
90.698120, 0.000000
90.547630, 0.000000
90.396030, 0.000000
90.243350, 0.000000
90.089580, 0.000000
89.934720, 0.000000
89.778780, 0.000000
89.621760, 0.000000
89.463670, 0.000000
89.304510, 0.000000
89.144290, 0.000000
88.983000, 0.000000
88.820650, 0.000000
88.657250, 0.000000
88.492790, 0.000000
88.327290, 0.000000
88.160750, 0.000000
87.993160, 0.000000
87.824540, 0.000000
87.654890, 0.000000
87.484210, 0.000000
87.312510, 0.000000
87.139790, 0.000000
86.966050, 0.000000
86.791300, 0.000000
86.615540, 0.000000
86.438780, 0.000000
86.261020, 0.000000
86.082260, 0.000000
85.902510, 0.000000
85.721780, 0.000000
85.540060, 0.000000
85.357370, 0.000000
85.173700, 0.000000
84.989060, 0.000000
84.803460, 0.000000
84.616890, 0.000000
84.429370, 0.000000
84.240890, 0.000000
84.051470, 0.000000
83.861100, 0.000000
83.669800, 0.000000
83.477560, 0.000000
83.284390, 0.000000
83.090290, 0.000000
82.895270, 0.000000
82.699330, 0.000000
82.502490, 0.000000
82.304730, 0.000000
82.106070, 0.000000
81.906520, 0.000000
81.706060, 0.000000
81.504720, 0.000000
81.302500, 0.000000
81.099390, 0.000000
80.895410, 0.000000
80.690560, 0.000000
80.484850, 0.000000
80.278270, 0.000000
80.070840, 0.000000
79.862550, 0.000000
79.653420, 0.000000
79.443450, 0.000000
79.232640, 0.000000
79.020990, 0.000000
78.808520, 0.000000
78.595230, 0.000000
78.381120, 0.000000
78.166200, 0.000000
77.950470, 0.000000
77.733940, 0.000000
77.516610, 0.000000
77.298490, 0.000000
77.079580, 0.000000
76.859890, 0.000000
76.639420, 0.000000
76.418180, 0.000000
76.196170, 0.000000
75.973400, 0.000000
75.749880, 0.000000
75.525600, 0.000000
75.300570, 0.000000
75.074810, 0.000000
74.848300, 0.000000
74.621070, 0.000000
74.393110, 0.000000
74.164430, 0.000000
73.935030, 0.000000
73.704920, 0.000000
73.474110, 0.000000
73.242600, 0.000000
73.010400, 0.000000
72.777500, 0.000000
72.543920, 0.000000
72.309670, 0.000000
72.074740, 0.000000
71.839140, 0.000000
71.602880, 0.000000
71.365960, 0.000000
71.128390, 0.000000
70.890180, 0.000000
70.651330, 0.000000
70.411840, 0.000000
70.171720, 0.000000
69.930970, 0.000000
69.689610, 0.000000
69.447630, 0.000000
69.205050, 0.000000
68.961860, 0.000000
68.718080, 0.000000
68.473700, 0.000000
68.228740, 0.000000
67.983200, 0.000000
67.737090, 0.000000
67.490410, 0.000000
67.243160, 0.000000
66.995350, 0.000000
66.747000, 0.000000
66.498090, 0.000000
66.248650, 0.000000
65.998670, 0.000000
65.748160, 0.000000
65.497120, 0.000000
65.245570, 0.000000
64.993500, 0.000000
64.740930, 0.000000
64.487860, 0.000000
64.234290, 0.000000
63.980230, 0.000000
63.725690, 0.000000
63.470670, 0.000000
63.215170, 0.000000
62.959210, 0.000000
62.702790, 0.000000
62.445910, 0.000000
62.188580, 0.000000
61.930810, 0.000000
61.672600, 0.000000
61.413960, 0.000000
61.154890, 0.000000
60.895400, 0.000000
60.635490, 0.000000
60.375180, 0.000000
60.114460, 0.000000
59.853350, 0.000000
59.591840, 0.000000
59.329950, 0.000000
59.067670, 0.000000
58.805030, 0.000000
58.542010, 0.000000
58.278630, 0.000000
58.014900, 0.000000
57.750810, 0.000000
57.486380, 0.000000
57.221610, 0.000000
56.956510, 0.000000
56.691080, 0.000000
56.425330, 0.000000
56.159260, 0.000000
55.892880, 0.000000
55.626200, 0.000000
55.359220, 0.000000
55.091950, 0.000000
54.824400, 0.000000
54.556560, 0.000000
54.288450, 0.000000
54.020070, 0.000000
53.751430, 0.000000
53.482530, 0.000000
53.213380, 0.000000
52.943990, 0.000000
52.674350, 0.000000
52.404490, 0.000000
52.134390, 0.000000
51.864080, 0.000000
51.593550, 0.000000
51.322810, 0.000000
51.051870, 0.000000
50.780730, 0.000000
50.509400, 0.000000
50.237890, 0.000000
49.966190, 0.000000
49.694320, 0.000000
49.422290, 0.000000
49.150090, 0.000000
48.877730, 0.000000
48.605230, 0.000000
48.332580, 0.000000
48.059800, 0.000000
47.786880, 0.000000
47.513830, 0.000000
47.240670, 0.000000
46.967390, 0.000000
46.694000, 0.000000
46.420510, 0.000000
46.146920, 0.000000
45.873240, 0.000000
45.599480, 0.000000
45.325630, 0.000000
45.051720, 0.000000
44.777730, 0.000000
44.503690, 0.000000
44.229590, 0.000000
43.955440, 0.000000
43.681250, 0.000000
43.407020, 0.000000
43.132750, 0.000000
42.858460, 0.000000
42.584150, 0.000000
42.309830, 0.000000
42.035500, 0.000000
41.761160, 0.000000
41.486830, 0.000000
41.212510, 0.000000
40.938200, 0.000000
40.663910, 0.000000
40.389650, 0.000000
40.115420, 0.000000
39.841230, 0.000000
39.567080, 0.000000
39.292990, 0.000000
39.018940, 0.000000
38.744960, 0.000000
38.471050, 0.000000
38.197210, 0.000000
37.923450, 0.000000
37.649770, 0.000000
37.376180, 0.000000
37.102690, 0.000000
36.829300, 0.000000
36.556020, 0.000000
36.282850, 0.000000
36.009800, 0.000000
35.736870, 0.000000
35.464070, 0.000000
35.191410, 0.000000
34.918890, 0.000000
34.646520, 0.000000
34.374300, 0.000000
34.102240, 0.000000
33.830340, 0.000000
33.558620, 0.000000
33.287060, 0.000000
33.015690, 0.000000
32.744510, 0.000000
32.473520, 0.000000
32.202720, 0.000000
31.932130, 0.000000
31.661750, 0.000000
31.391580, 0.000000
31.121630, 0.000000
30.851910, 0.000000
30.582420, 0.000000
30.313170, 0.000000
30.044150, 0.000000
29.775390, 0.000000
29.506880, 0.000000
29.238620, 0.000000
28.970630, 0.000000
28.702910, 0.000000
28.435470, 0.000000
28.168300, 0.000000
27.901420, 0.000000
27.634830, 0.000000
27.368540, 0.000000
27.102550, 0.000000
26.836870, 0.000000
26.571490, 0.000000
26.306440, 0.000000
26.041710, 0.000000
25.777310, 0.000000
25.513240, 0.000000
25.249510, 0.000000
24.986120, 0.000000
24.723090, 0.000000
24.460410, 0.000000
24.198090, 0.000000
23.936130, 0.000000
23.674540, 0.000000
23.413330, 0.000000
23.152500, 0.000000
22.892060, 0.000000
22.632000, 0.000000
22.372350, 0.000000
22.113090, 0.000000
21.854240, 0.000000
21.595800, 0.000000
21.337780, 0.000000
21.080170, 0.000000
20.823000, 0.000000
20.566250, 0.000000
20.309950, 0.000000
20.054080, 0.000000
19.798660, 0.000000
19.543690, 0.000000
19.289180, 0.000000
19.035120, 0.000000
18.781540, 0.000000
18.528420, 0.000000
18.275780, 0.000000
18.023620, 0.000000
17.771950, 0.000000
17.520760, 0.000000
17.270070, 0.000000
17.019880, 0.000000
16.770190, 0.000000
16.521020, 0.000000
16.272350, 0.000000
16.024210, 0.000000
15.776590, 0.000000
15.529490, 0.000000
15.282930, 0.000000
15.036910, 0.000000
14.791420, 0.000000
14.546490, 0.000000
14.302100, 0.000000
14.058270, 0.000000
13.815000, 0.000000
13.572290, 0.000000
13.330160, 0.000000
13.088590, 0.000000
12.847600, 0.000000
12.607200, 0.000000
12.367380, 0.000000
12.128150, 0.000000
11.889520, 0.000000
11.651490, 0.000000
11.414060, 0.000000
11.177240, 0.000000
10.941030, 0.000000
10.705440, 0.000000
10.470470, 0.000000
10.236130, 0.000000
10.002420, 0.000000
9.769334, 0.000000
9.536890, 0.000000
9.305089, 0.000000
9.073933, 0.000000
8.843428, 0.000000
8.613577, 0.000000
8.384384, 0.000000
8.155854, 0.000000
7.927990, 0.000000
7.700796, 0.000000
7.474276, 0.000000
7.248435, 0.000000
7.023275, 0.000000
6.798802, 0.000000
6.575019, 0.000000
6.351929, 0.000000
6.129537, 0.000000
5.907847, 0.000000
5.686861, 0.000000
5.466585, 0.000000
5.247021, 0.000000
5.028173, 0.000000
4.810046, 0.000000
4.592642, 0.000000
4.375966, 0.000000
4.160021, 0.000000
3.944810, 0.000000
3.730337, 0.000000
3.516607, 0.000000
3.303621, 0.000000
3.091385, 0.000000
2.879900, 0.000000
2.669172, 0.000000
2.459202, 0.000000
2.249995, 0.000000
2.041554, 0.000000
1.833883, 0.000000
1.626984, 0.000000
1.420861, 0.000000
1.215517, 0.000000
1.010956, 0.000000
0.807180, 0.000000
0.604194, 0.000000
0.401999, 0.000000
0.200600, 0.000000
0.000000, 0.000000
=======
0.000000, 1.583820
0.199911, 4.751460
0.398166, 7.919100
0.592919, 11.086740
0.782330, 14.254380
0.964580, 17.422020
1.137875, 20.589660
1.300459, 23.757300
1.450622, 26.924940
1.586708, 30.092580
1.707127, 33.260220
1.810361, 36.427860
1.894974, 39.595500
1.959621, 42.763140
2.003051, 45.930780
2.024123, 49.098420
2.021805, 52.266060
1.995184, 55.433700
1.943470, 58.601340
1.866008, 61.768980
1.762273, 64.936620
1.631883, 68.104260
1.474596, 71.271900
1.290321, 74.439540
1.079113, 77.607180
0.841177, 80.774820
0.576874, 83.942460
0.286714, 87.110100
0.028638, 270.277740
0.368367, 273.445380
0.731508, 276.613020
1.116945, 279.780660
1.523422, 282.948300
1.949538, 286.115940
2.393755, 289.283580
2.854406, 292.451220
3.329695, 295.618860
3.817707, 298.786500
4.316414, 301.954140
4.823680, 305.121780
5.337275, 308.289420
5.854877, 311.457060
6.374085, 314.624700
6.892428, 317.792340
7.407374, 320.959980
7.916341, 324.127620
8.416707, 327.295260
8.905823, 330.462900
9.381023, 333.630540
9.839634, 336.798180
10.278992, 339.965820
10.696450, 343.133460
11.089392, 346.301100
11.455244, 349.468740
11.791486, 352.636380
12.095667, 355.804020
12.365410, 358.971660
12.598434, 2.139300
12.792555, 5.306940
12.945703, 8.474580
13.055934, 11.642220
13.121436, 14.809860
13.140543, 17.977500
13.111744, 21.145140
13.033691, 24.312780
12.905208, 27.480420
12.725302, 30.648060
12.493165, 33.815700
12.208186, 36.983340
11.869957, 40.150980
11.478273, 43.318620
11.033143, 46.486260
10.534792, 49.653900
9.983661, 52.821540
9.380415, 55.989180
8.725938, 59.156820
8.021340, 62.324460
7.267951, 65.492100
6.467325, 68.659740
5.621233, 71.827380
4.731662, 74.995020
3.800814, 78.162660
2.831097, 81.330300
1.825120, 84.497940
0.785689, 87.665580
0.284203, 270.833220
1.381383, 274.000860
2.502508, 277.168500
3.644073, 280.336140
4.802424, 283.503780
5.973768, 286.671420
7.154186, 289.839060
8.339644, 293.006700
9.526009, 296.174340
10.709060, 299.341980
11.884505, 302.509620
13.047996, 305.677260
14.195141, 308.844900
15.321525, 312.012540
16.422721, 315.180180
17.494310, 318.347820
18.531897, 321.515460
19.531126, 324.683100
20.487700, 327.850740
21.397393, 331.018380
22.256071, 334.186020
23.059710, 337.353660
23.804407, 340.521300
24.486400, 343.688940
25.102085, 346.856580
25.648030, 350.024220
26.120989, 353.191860
26.517919, 356.359500
26.835996, 359.527140
27.072623, 2.694780
27.225448, 5.862420
27.292375, 9.030060
27.271574, 12.197700
27.161495, 15.365340
26.960872, 18.532980
26.668740, 21.700620
26.284435, 24.868260
25.807608, 28.035900
25.238224, 31.203540
24.576574, 34.371180
23.823271, 37.538820
22.979261, 40.706460
22.045817, 43.874100
21.024545, 47.041740
19.917378, 50.209380
18.726579, 53.377020
17.454734, 56.544660
16.104750, 59.712300
14.679846, 62.879940
13.183551, 66.047580
11.619690, 69.215220
9.992382, 72.382860
8.306021, 75.550500
6.565273, 78.718140
4.775057, 81.885780
2.940535, 85.053420
1.067096, 88.221060
0.839660, 271.388700
2.773939, 274.556340
4.729766, 277.723980
6.701012, 280.891620
8.681405, 284.059260
10.664553, 287.226900
12.643967, 290.394540
14.613075, 293.562180
16.565254, 296.729820
18.493841, 299.897460
20.392164, 303.065100
22.253562, 306.232740
24.071404, 309.400380
25.839118, 312.568020
27.550214, 315.735660
29.198302, 318.903300
30.777118, 322.070940
32.280550, 325.238580
33.702657, 328.406220
35.037690, 331.573860
36.280120, 334.741500
37.424652, 337.909140
38.466253, 341.076780
39.400166, 344.244420
40.221934, 347.412060
40.927416, 350.579700
41.512805, 353.747340
41.974648, 356.914980
42.309856, 0.082620
42.515724, 3.250260
42.589942, 6.417900
42.530607, 9.585540
42.336238, 12.753180
42.005778, 15.920820
41.538610, 19.088460
40.934561, 22.256100
40.193907, 25.423740
39.317378, 28.591380
38.306159, 31.759020
37.161894, 34.926660
35.886683, 38.094300
34.483081, 41.261940
32.954094, 44.429580
31.303173, 47.597220
29.534211, 50.764860
27.651528, 53.932500
25.659868, 57.100140
23.564384, 60.267780
21.370625, 63.435420
19.084522, 66.603060
16.712375, 69.770700
14.260831, 72.938340
11.736870, 76.105980
9.147781, 79.273620
6.501145, 82.441260
3.804810, 85.608900
1.066869, 88.776540
1.704365, 271.944180
4.500384, 275.111820
7.312512, 278.279460
10.131930, 281.447100
12.949707, 284.614740
15.756825, 287.782380
18.544211, 290.950020
21.302764, 294.117660
24.023386, 297.285300
26.697012, 300.452940
29.314640, 303.620580
31.867361, 306.788220
34.346390, 309.955860
36.743095, 313.123500
39.049028, 316.291140
41.255953, 319.458780
43.355876, 322.626420
45.341074, 325.794060
47.204121, 328.961700
48.937919, 332.129340
50.535718, 335.296980
51.991147, 338.464620
53.298236, 341.632260
54.451436, 344.799900
55.445648, 347.967540
56.276238, 351.135180
56.939058, 354.302820
57.430462, 357.470460
57.747327, 0.638100
57.887061, 3.805740
57.847622, 6.973380
57.627526, 10.141020
57.225859, 13.308660
56.642279, 16.476300
55.877031, 19.643940
54.930943, 22.811580
53.805433, 25.979220
52.502505, 29.146860
51.024753, 32.314500
49.375351, 35.482140
47.558053, 38.649780
45.577181, 41.817420
43.437619, 44.985060
41.144799, 48.152700
38.704687, 51.320340
36.123773, 54.487980
33.409048, 57.655620
30.567988, 60.823260
27.608534, 63.990900
24.539068, 67.158540
21.368390, 70.326180
18.105693, 73.493820
14.760538, 76.661460
11.342821, 79.829100
7.862748, 82.996740
4.330800, 86.164380
0.757708, 89.332020
2.845590, 272.499660
6.467972, 275.667300
10.098174, 278.834940
13.724824, 282.002580
17.336476, 285.170220
20.921647, 288.337860
24.468857, 291.505500
27.966661, 294.673140
31.403690, 297.840780
34.768687, 301.008420
38.050543, 304.176060
41.238336, 307.343700
44.321366, 310.511340
47.289191, 313.678980
50.131666, 316.846620
52.838969, 320.014260
55.401646, 323.181900
57.810635, 326.349540
60.057301, 329.517180
62.133469, 332.684820
64.031450, 335.852460
65.744068, 339.020100
67.264692, 342.187740
68.587254, 345.355380
69.706278, 348.523020
70.616897, 351.690660
71.314875, 354.858300
71.796623, 358.025940
72.059217, 1.193580
72.100409, 4.361220
71.918640, 7.528860
71.513048, 10.696500
70.883475, 13.864140
70.030475, 17.031780
68.955313, 20.199420
67.659965, 23.367060
66.147117, 26.534700
64.420165, 29.702340
62.483198, 32.869980
60.341001, 36.037620
57.999033, 39.205260
55.463421, 42.372900
52.740942, 45.540540
49.839002, 48.708180
46.765622, 51.875820
43.529408, 55.043460
40.139535, 58.211100
36.605715, 61.378740
32.938171, 64.546380
29.147606, 67.714020
25.245174, 70.881660
21.242444, 74.049300
17.151368, 77.216940
12.984240, 80.384580
8.753667, 83.552220
4.472519, 86.719860
0.153901, 89.887500
4.188896, 273.055140
8.542433, 276.222780
12.893166, 279.390420
17.227487, 282.558060
21.531770, 285.725700
25.792413, 288.893340
29.995879, 292.060980
34.128745, 295.228620
38.177742, 298.396260
42.129795, 301.563900
45.972072, 304.731540
49.692024, 307.899180
53.277422, 311.066820
56.716404, 314.234460
59.997510, 317.402100
63.109724, 320.569740
66.042507, 323.737380
68.785835, 326.905020
71.330236, 330.072660
73.666817, 333.240300
75.787300, 336.407940
77.684049, 339.575580
79.350097, 342.743220
80.779172, 345.910860
81.965720, 349.078500
82.904926, 352.246140
83.592730, 355.413780
84.025849, 358.581420
84.201784, 1.749060
84.118838, 4.916700
83.776118, 8.084340
83.173548, 11.251980
82.311867, 14.419620
81.192634, 17.587260
79.818226, 20.754900
78.191831, 23.922540
76.317444, 27.090180
74.199857, 30.257820
71.844646, 33.425460
69.258159, 36.593100
66.447496, 39.760740
63.420490, 42.928380
60.185687, 46.096020
56.752320, 49.263660
53.130283, 52.431300
49.330101, 55.598940
45.362900, 58.766580
41.240375, 61.934220
36.974753, 65.101860
32.578757, 68.269500
28.065569, 71.437140
23.448787, 74.604780
18.742385, 77.772420
13.960671, 80.940060
9.118242, 84.107700
4.229935, 87.275340
0.689210, 270.442980
5.624006, 273.610620
10.559164, 276.778260
15.479337, 279.945900
20.369175, 283.113540
25.213368, 286.281180
29.996698, 289.448820
34.704087, 292.616460
39.320643, 295.784100
43.831712, 298.951740
48.222919, 302.119380
52.480221, 305.287020
56.589949, 308.454660
60.538853, 311.622300
64.314145, 314.789940
67.903540, 317.957580
71.295300, 321.125220
74.478270, 324.292860
77.441912, 327.460500
80.176349, 330.628140
82.672390, 333.795780
84.921564, 336.963420
86.916148, 340.131060
88.649198, 343.298700
90.114565, 346.466340
91.306926, 349.633980
92.221795, 352.801620
92.855544, 355.969260
93.205416, 359.136900
93.269537, 2.304540
93.046922, 5.472180
92.537481, 8.639820
91.742023, 11.807460
90.662257, 14.975100
89.300784, 18.142740
87.661096, 21.310380
85.747565, 24.478020
83.565431, 27.645660
81.120790, 30.813300
78.420573, 33.980940
75.472529, 37.148580
72.285204, 40.316220
68.867909, 43.483860
65.230702, 46.651500
61.384349, 49.819140
57.340298, 52.986780
53.110641, 56.154420
48.708079, 59.322060
44.145882, 62.489700
39.437849, 65.657340
34.598264, 68.824980
29.641856, 71.992620
24.583749, 75.160260
19.439417, 78.327900
14.224636, 81.495540
8.955435, 84.663180
3.648044, 87.830820
1.681152, 270.998460
7.015672, 274.166100
12.338983, 277.333740
17.634559, 280.501380
22.885926, 283.669020
28.076720, 286.836660
33.190737, 290.004300
38.211983, 293.171940
43.124726, 296.339580
47.913546, 299.507220
52.563384, 302.674860
57.059591, 305.842500
61.387974, 309.010140
65.534838, 312.177780
69.487040, 315.345420
73.232018, 318.513060
76.757844, 321.680700
80.053253, 324.848340
83.107685, 328.015980
85.911318, 331.183620
88.455098, 334.351260
90.730773, 337.518900
92.730916, 340.686540
94.448949, 343.854180
95.879171, 347.021820
97.016771, 350.189460
97.857844, 353.357100
98.399410, 356.524740
98.639421, 359.692380
98.576766, 2.860020
98.211281, 6.027660
97.543749, 9.195300
96.575894, 12.362940
95.310382, 15.530580
93.750814, 18.698220
91.901709, 21.865860
89.768500, 25.033500
87.357509, 28.201140
84.675935, 31.368780
81.731826, 34.536420
78.534061, 37.704060
75.092316, 40.871700
71.417040, 44.039340
67.519418, 47.206980
63.411341, 50.374620
59.105364, 53.542260
54.614673, 56.709900
49.953039, 59.877540
45.134774, 63.045180
40.174694, 66.212820
35.088064, 69.380460
29.890556, 72.548100
24.598196, 75.715740
19.227316, 78.883380
13.794504, 82.051020
8.316549, 85.218660
2.810388, 88.386300
2.706944, 271.553940
8.218369, 274.721580
13.706823, 277.889220
19.155302, 281.056860
24.546926, 284.224500
29.864982, 287.392140
35.092984, 290.559780
40.214722, 293.727420
45.214312, 296.895060
50.076248, 300.062700
54.785451, 303.230340
59.327315, 306.397980
63.687755, 309.565620
67.853249, 312.733260
71.810882, 315.900900
75.548389, 319.068540
79.054188, 322.236180
82.317423, 325.403820
85.327992, 328.571460
88.076584, 331.739100
90.554705, 334.906740
92.754706, 338.074380
94.669808, 341.242020
96.294120, 344.409660
97.622661, 347.577300
98.651372, 350.744940
99.377134, 353.912580
99.797771, 357.080220
99.912061, 0.247860
99.719740, 3.415500
99.221497, 6.583140
98.418981, 9.750780
97.314785, 12.918420
95.912446, 16.086060
94.216429, 19.253700
92.232112, 22.421340
89.965773, 25.588980
87.424567, 28.756620
84.616500, 31.924260
81.550410, 35.091900
78.235933, 38.259540
74.683478, 41.427180
70.904186, 44.594820
66.909901, 47.762460
62.713131, 50.930100
58.327006, 54.097740
53.765238, 57.265380
49.042076, 60.433020
44.172264, 63.600660
39.170990, 66.768300
34.053841, 69.935940
28.836751, 73.103580
23.535955, 76.271220
18.167932, 79.438860
12.749356, 82.606500
7.297044, 85.774140
1.827901, 88.941780
3.641131, 272.109420
9.093131, 275.277060
14.511244, 278.444700
19.878743, 281.612340
25.179076, 284.779980
30.395920, 287.947620
35.513229, 291.115260
40.515290, 294.282900
45.386767, 297.450540
50.112750, 300.618180
54.678803, 303.785820
59.071007, 306.953460
63.276004, 310.121100
67.281039, 313.288740
71.073998, 316.456380
74.643446, 319.624020
77.978660, 322.791660
81.069667, 325.959300
83.907269, 329.126940
86.483073, 332.294580
88.789515, 335.462220
90.819885, 338.629860
92.568344, 341.797500
94.029945, 344.965140
95.200642, 348.132780
96.077304, 351.300420
96.657725, 354.468060
96.940624, 357.635700
96.925655, 0.803340
96.613400, 3.970980
96.005369, 7.138620
95.103993, 10.306260
93.912613, 13.473900
92.435471, 16.641540
90.677691, 19.809180
88.645264, 22.976820
86.345029, 26.144460
83.784644, 29.312100
80.972568, 32.479740
77.918024, 35.647380
74.630977, 38.815020
71.122095, 41.982660
67.402718, 45.150300
63.484817, 48.317940
59.380959, 51.485580
55.104262, 54.653220
50.668356, 57.820860
46.087337, 60.988500
41.375722, 64.156140
36.548404, 67.323780
31.620601, 70.491420
26.607808, 73.659060
21.525750, 76.826700
16.390332, 79.994340
11.217582, 83.161980
6.023611, 86.329620
0.824550, 89.497260
4.363489, 272.664900
9.524475, 275.832540
14.642498, 279.000180
19.701828, 282.167820
24.686957, 285.335460
29.582651, 288.503100
34.373997, 291.670740
39.046448, 294.838380
43.585869, 298.006020
47.978578, 301.173660
52.211394, 304.341300
56.271668, 307.508940
60.147331, 310.676580
63.826923, 313.844220
67.299631, 317.011860
70.555321, 320.179500
73.584567, 323.347140
76.378678, 326.514780
78.929727, 329.682420
81.230569, 332.850060
83.274865, 336.017700
85.057096, 339.185340
86.572580, 342.352980
87.817486, 345.520620
88.788839, 348.688260
89.484529, 351.855900
89.903318, 355.023540
90.044834, 358.191180
89.909576, 1.358820
89.498907, 4.526460
88.815045, 7.694100
87.861056, 10.861740
86.640841, 14.029380
85.159120, 17.197020
83.421415, 20.364660
81.434028, 23.532300
79.204021, 26.699940
76.739190, 29.867580
74.048037, 33.035220
71.139743, 36.202860
68.024131, 39.370500
64.711641, 42.538140
61.213288, 45.705780
57.540627, 48.873420
53.705716, 52.041060
49.721074, 55.208700
45.599642, 58.376340
41.354736, 61.543980
37.000011, 64.711620
32.549407, 67.879260
28.017114, 71.046900
23.417517, 74.214540
18.765157, 77.382180
14.074678, 80.549820
9.360785, 83.717460
4.638198, 86.885100
0.078401, 270.052740
4.774408, 273.220380
9.435345, 276.388020
14.046906, 279.555660
18.595000, 282.723300
23.065796, 285.890940
27.445767, 289.058580
31.721727, 292.226220
35.880875, 295.393860
39.910835, 298.561500
43.799688, 301.729140
47.536014, 304.896780
51.108921, 308.064420
54.508079, 311.232060
57.723752, 314.399700
60.746823, 317.567340
63.568823, 320.734980
66.181951, 323.902620
68.579102, 327.070260
70.753878, 330.237900
72.700613, 333.405540
74.414381, 336.573180
75.891014, 339.740820
77.127106, 342.908460
78.120024, 346.076100
78.867911, 349.243740
79.369689, 352.411380
79.625058, 355.579020
79.634493, 358.746660
79.399240, 1.914300
78.921305, 5.081940
78.203447, 8.249580
77.249166, 11.417220
76.062684, 14.584860
74.648933, 17.752500
73.013529, 20.920140
71.162760, 24.087780
69.103553, 27.255420
66.843455, 30.423060
64.390604, 33.590700
61.753698, 36.758340
58.941966, 39.925980
55.965139, 43.093620
52.833408, 46.261260
49.557400, 49.428900
46.148131, 52.596540
42.616977, 55.764180
38.975632, 58.931820
35.236069, 62.099460
31.410501, 65.267100
27.511343, 68.434740
23.551166, 71.602380
19.542662, 74.770020
15.498598, 77.937660
11.431779, 81.105300
7.355004, 84.272940
3.281025, 87.440580
0.777489, 270.608220
4.807998, 273.775860
8.798125, 276.943500
12.735697, 280.111140
16.608784, 283.278780
20.405731, 286.446420
24.115198, 289.614060
27.726193, 292.781700
31.228104, 295.949340
34.610729, 299.116980
37.864311, 302.284620
40.979562, 305.452260
43.947690, 308.619900
46.760427, 311.787540
49.410049, 314.955180
51.889399, 318.122820
54.191903, 321.290460
56.311593, 324.458100
58.243117, 327.625740
59.981753, 330.793380
61.523424, 333.961020
62.864700, 337.128660
64.002810, 340.296300
64.935644, 343.463940
65.661757, 346.631580
66.180368, 349.799220
66.491356, 352.966860
66.595259, 356.134500
66.493269, 359.302140
66.187217, 2.469780
65.679569, 5.637420
64.973413, 8.805060
64.072440, 11.972700
62.980933, 15.140340
61.703748, 18.307980
60.246291, 21.475620
58.614501, 24.643260
56.814824, 27.810900
54.854191, 30.978540
52.739989, 34.146180
50.480036, 37.313820
48.082555, 40.481460
45.556140, 43.649100
42.909726, 46.816740
40.152563, 49.984380
37.294176, 53.152020
34.344340, 56.319660
31.313040, 59.487300
28.210441, 62.654940
25.046854, 65.822580
21.832699, 68.990220
18.578473, 72.157860
15.294714, 75.325500
11.991969, 78.493140
8.680756, 81.660780
5.371533, 84.828420
2.074666, 87.996060
1.199607, 271.163700
4.441208, 274.331340
7.640245, 277.498980
10.787050, 280.666620
13.872203, 283.834260
16.886563, 287.001900
19.821293, 290.169540
22.667888, 293.337180
25.418200, 296.504820
28.064460, 299.672460
30.599301, 302.840100
33.015777, 306.007740
35.307383, 309.175380
37.468074, 312.343020
39.492275, 315.510660
41.374903, 318.678300
43.111372, 321.845940
44.697607, 325.013580
46.130053, 328.181220
47.405680, 331.348860
48.521989, 334.516500
49.477017, 337.684140
50.269336, 340.851780
50.898053, 344.019420
51.362809, 347.187060
51.663776, 350.354700
51.801650, 353.522340
51.777643, 356.689980
51.593478, 359.857620
51.251373, 3.025260
50.754035, 6.192900
50.104641, 9.360540
49.306828, 12.528180
48.364672, 15.695820
47.282674, 18.863460
46.065739, 22.031100
44.719159, 25.198740
43.248587, 28.366380
41.660017, 31.534020
39.959765, 34.701660
38.154437, 37.869300
36.250912, 41.036940
34.256312, 44.204580
32.177978, 47.372220
30.023442, 50.539860
27.800402, 53.707500
25.516696, 56.875140
23.180269, 60.042780
20.799152, 63.210420
18.381433, 66.378060
15.935227, 69.545700
13.468651, 72.713340
10.989797, 75.880980
8.506706, 79.048620
6.027341, 82.216260
3.559560, 85.383900
1.111094, 88.551540
1.310477, 271.719180
3.697751, 274.886820
6.043525, 278.054460
8.340815, 281.222100
10.582880, 284.389740
12.763237, 287.557380
14.875685, 290.725020
16.914320, 293.892660
18.873551, 297.060300
20.748114, 300.227940
22.533091, 303.395580
24.223914, 306.563220
25.816385, 309.730860
27.306680, 312.898500
28.691359, 316.066140
29.967373, 319.233780
31.132072, 322.401420
32.183202, 325.569060
33.118918, 328.736700
33.937776, 331.904340
34.638739, 335.071980
35.221172, 338.239620
35.684843, 341.407260
36.029914, 344.574900
36.256938, 347.742540
36.366854, 350.910180
36.360976, 354.077820
36.240985, 357.245460
36.008920, 0.413100
35.667162, 3.580740
35.218428, 6.748380
34.665752, 9.916020
34.012474, 13.083660
33.262222, 16.251300
32.418897, 19.418940
31.486657, 22.586580
30.469898, 25.754220
29.373236, 28.921860
28.201489, 32.089500
26.959657, 35.257140
25.652901, 38.424780
24.286526, 41.592420
22.865959, 44.760060
21.396729, 47.927700
19.884446, 51.095340
18.334779, 54.262980
16.753441, 57.430620
15.146160, 60.598260
13.518669, 63.765900
11.876676, 66.933540
10.225850, 70.101180
8.571804, 73.268820
6.920069, 76.436460
5.276082, 79.604100
3.645165, 82.771740
2.032510, 85.939380
0.443162, 89.107020
1.117998, 272.274660
2.646267, 275.442300
4.137131, 278.609940
5.586284, 281.777580
6.989635, 284.945220
8.343321, 288.112860
9.643718, 291.280500
10.887450, 294.448140
12.071397, 297.615780
13.192701, 300.783420
14.248774, 303.951060
15.237303, 307.118700
16.156253, 310.286340
17.003870, 313.453980
17.778682, 316.621620
18.479504, 319.789260
19.105433, 322.956900
19.655848, 326.124540
20.130409, 329.292180
20.529052, 332.459820
20.851987, 335.627460
21.099691, 338.795100
21.272900, 341.962740
21.372608, 345.130380
21.400051, 348.298020
21.356706, 351.465660
21.244277, 354.633300
21.064684, 357.800940
20.820058, 0.968580
20.512721, 4.136220
20.145182, 7.303860
19.720120, 10.471500
19.240371, 13.639140
18.708917, 16.806780
18.128870, 19.974420
17.503458, 23.142060
16.836012, 26.309700
16.129950, 29.477340
15.388766, 32.644980
14.616008, 35.812620
13.815271, 38.980260
12.990178, 42.147900
12.144367, 45.315540
11.281475, 48.483180
10.405125, 51.650820
9.518914, 54.818460
8.626396, 57.986100
7.731070, 61.153740
6.836367, 64.321380
5.945639, 67.489020
5.062147, 70.656660
4.189046, 73.824300
3.329380, 76.991940
2.486066, 80.159580
1.661891, 83.327220
0.859497, 86.494860
0.081377, 89.662500
0.670136, 272.830140
1.392869, 275.997780
2.084825, 279.165420
2.744177, 282.333060
3.369282, 285.500700
3.958676, 288.668340
4.511085, 291.835980
5.025419, 295.003620
5.500778, 298.171260
5.936453, 301.338900
6.331922, 304.506540
6.686848, 307.674180
7.001082, 310.841820
7.274658, 314.009460
7.507786, 317.177100
7.700853, 320.344740
7.854414, 323.512380
7.969190, 326.680020
8.046058, 329.847660
8.086047, 333.015300
8.090330, 336.182940
8.060217, 339.350580
7.997144, 342.518220
7.902666, 345.685860
7.778450, 348.853500
7.626260, 352.021140
7.447952, 355.188780
7.245465, 358.356420
7.020803, 1.524060
6.776032, 4.691700
6.513269, 7.859340
6.234665, 11.026980
5.942402, 14.194620
5.638677, 17.362260
5.325693, 20.529900
5.005650, 23.697540
4.680730, 26.865180
4.353092, 30.032820
4.024860, 33.200460
3.698112, 36.368100
3.374871, 39.535740
3.057098, 42.703380
2.746681, 45.871020
2.445425, 49.038660
2.155051, 52.206300
1.877180, 55.373940
1.613333, 58.541580
1.364921, 61.709220
1.133239, 64.876860
0.919464, 68.044500
0.724646, 71.212140
0.549709, 74.379780
0.395444, 77.547420
0.262505, 80.715060
0.151413, 83.882700
0.062549, 87.050340
0.003846, 270.217980
0.047669, 273.385620
0.068955, 276.553260
0.067877, 279.720900
0.044745, 282.888540
0.000000, 286.056180
>>>>>>> f564735e578b4282136090eb0336cbbcaf840cb2
##END=
